,1. Tur Katılım,2. Tur Katılım,Katılım Farkı,1. Tur Toplam Seçmen,2. Tur Toplam Seçmen ,Toplam Seçmen Farkı,1. Tur Erdoğan Oy Sayısı,2. Tur Erdoğan Oy Sayısı,Erdoğan Oy Artışı,1. Tur Kılıçdaroğlu Oy Sayısı,2. Tur Kılıçdaroğlu Oy Sayısı,Kılıçdaroğlu Oy Artışı,İkinci Turda Erdoğan-Kılıçdaroğlu Farkı
Melikgazi,"91,80","88,71","-3,09",415349,415643,294,239196,248535,9339,100420,115188,14768,133347
Osmangazi,"90,57","86,76","-3,81",665809,666296,487,312296,320552,8256,229070,250817,21747,69735
Selçuklu,"90,18","86,75","-3,43",476024,476450,426,282927,290349,7422,104046,116676,12630,173673
Keçiören,"90,56","86,93","-3,63",693795,694350,555,324987,332145,7158,248143,263761,15618,68384
Kocasinan,"91,07","87,90","-3,17",290446,290720,274,162514,169208,6694,72554,82579,10025,86629
Yenimahalle,"92,23","89,25","-2,98",528482,528889,407,189207,195377,6170,259545,271141,11596,-75764
Onikişubat,"87,83","85,36","-2,47",281489,282225,736,181489,187594,6105,45909,50373,4464,137221
Çankaya,"92,12","89,75","-2,37",717034,717426,392,133418,139421,6003,490695,498771,8076,-359350
Şahinbey,"85,55","82,34","-3,21",606612,603307,-3305,298901,304584,5683,176025,186665,10640,117919
Etimesgut,"92,17","88,73","-3,44",462889,463235,346,170283,175769,5486,219013,230342,11329,-54573
Sincan,"91,25","87,84","-3,41",412360,409800,-2560,225811,230875,5064,113785,124588,10803,106287
Yıldırım,"89,97","86,15","-3,82",475551,475949,398,239603,244574,4971,147576,160203,12627,84371
Kepez,"89,16","85,25","-3,91",436876,436838,-38,163790,168574,4784,190482,199946,9464,-31372
Mamak,"91,22","87,88","-3,34",499456,499854,398,212080,216247,4167,209682,218254,8572,-2007
Şehitkamil,"85,98","83,05","-2,93",527314,525978,-1336,261445,265589,4144,160172,165904,5732,99685
Kütahya,"92,26","89,51","-2,75",193025,192981,-44,112195,116333,4138,48825,53643,4818,62690
Iğdır,"80,16","73,03","-7,13",95186,95131,-55,17575,21692,4117,47160,46754,-406,-25062
Sivas,"90,66","87,58","-3,08",269359,269447,88,173485,177594,4109,49238,54805,5567,122789
Nilüfer,"92,28","89,46","-2,82",385211,384491,-720,125804,129878,4074,199477,210562,11085,-80684
Odunpazarı,"90,91","87,92","-2,99",315994,315689,-305,112438,116361,3923,149042,157848,8806,-41487
Aksaray,"87,40","84,45","-2,95",214944,214880,-64,130183,134052,3869,41689,45024,3335,89028
Pamukkale,"91,41","87,85","-3,56",253514,253717,203,98210,102012,3802,109376,118123,8747,-16111
Afyon,"92,69","89,85","-2,84",219282,218943,-339,125945,129720,3775,57387,63943,6556,65777
Meram,"91,02","88,28","-2,74",240788,241018,230,162024,165578,3554,39471,44168,4697,121410
Uşak,"91,42","88,34","-3,08",191112,190992,-120,82544,86037,3493,75067,79948,4881,6089
Tepebaşı,"91,15","87,64","-3,51",291231,291433,202,104810,108291,3481,134971,144125,9154,-35834
Karatay,"90,05","87,36","-2,69",249629,249205,-424,173033,176419,3386,33633,38237,4604,138182
Karaman,"90,23","86,89","-3,34",145841,145859,18,81213,84473,3260,36484,40441,3957,44032
Merkezefendi,"92,68","89,42","-3,26",250208,250410,202,90562,93810,3248,119815,127438,7623,-33628
Isparta,"91,07","87,69","-3,38",190391,190369,-22,87087,90288,3201,68323,73910,5587,16378
Dulkadiroğlu,"86,74","84,82","-1,92",142663,142811,148,96863,99893,3030,18056,19833,1777,80060
Bolu,"91,87","88,86","-3,01",153987,153903,-84,75170,78146,2976,50919,56777,5858,21369
Pendik,"91,33","88,29","-3,04",547235,547610,375,263472,266439,2967,200861,212044,11183,54395
Çorum,"91,61","89,23","-2,38",218354,218282,-72,109851,112747,2896,76319,79513,3194,33234
Adapazarı,"91,14","87,67","-3,47",204679,204841,162,109310,112198,2888,59328,65053,5725,47145
Alanya,"88,04","83,59","-4,45",231985,231786,-199,87641,90474,2833,97493,100811,3318,-10337
Ortahisar,"89,98","86,57","-3,41",242091,242114,23,123638,126426,2788,74637,80257,5620,46169
İnegöl,"91,38","88,24","-3,14",209075,209285,210,123250,126035,2785,50757,56236,5479,69799
Osmaniye,"86,54","83,23","-3,31",189065,189245,180,101774,104509,2735,47492,50966,3474,53543
Karesi,"92,54","89,44","-3,10",142973,143066,93,64233,66946,2713,55383,59355,3972,7591
Düzce,"92,15","89,40","-2,75",181196,181317,121,109673,112364,2691,42984,47559,4575,64805
Muratpaşa,"88,94","85,53","-3,41",382434,382687,253,98079,100757,2678,218385,223977,5592,-123220
Gebze,"91,50","88,20","-3,30",294635,294789,154,151381,154056,2675,94650,102897,8247,51159
Talas,"90,71","87,24","-3,47",117244,117362,118,56426,59041,2615,37120,41964,4844,17077
Tarsus,"89,00","85,81","-3,19",250653,250007,-646,88184,90794,2610,117401,121323,3922,-30529
İskenderun,"84,36","82,00","-2,36",164655,164775,120,65015,67585,2570,64395,66084,1689,1501
Viranşehir,"80,38","77,72","-2,66",114312,114433,121,41277,43815,2538,47707,44200,-3507,-385
Palandöken,"88,92","84,78","-4,14",122640,122775,135,71745,74253,2508,25691,27913,2222,46340
İzmit,"91,60","88,55","-3,05",275384,275576,192,121266,123757,2491,108853,117047,8194,6710
Yunusemre,"92,60","88,97","-3,63",187783,187917,134,73665,76153,2488,83954,88935,4981,-12782
Antakya,"76,83","74,94","-1,89",213521,213736,215,87203,89677,2474,68862,69031,169,20646
Bartın,"88,65","85,07","-3,58",120714,120738,24,57171,59617,2446,37891,40853,2962,18764
Tokat,"92,50","90,24","-2,26",146087,146035,-52,87391,89801,2410,37571,40268,2697,49533
İlkadım,"89,20","85,83","-3,37",245376,245212,-164,117564,119943,2379,81625,87807,6182,32136
Altındağ,"89,76","86,31","-3,45",294263,294513,250,156144,158521,2377,86646,92279,5633,66242
Yakutiye,"89,75","86,56","-3,19",122984,122590,-394,78698,81056,2358,20649,23312,2663,57744
Kastamonu,"90,06","86,10","-3,96",111460,111355,-105,57156,59489,2333,30985,34681,3696,24808
Yeşilyurt – Malatya,"79,85","77,60","-2,25",212412,212648,236,112676,114977,2301,47067,48053,986,66924
Çukurova,"90,02","87,30","-2,72",287869,288074,205,80467,82626,2159,161389,166526,5137,-83900
Altıeylül,"92,10","88,57","-3,53",140061,140150,89,62408,64520,2112,54755,58117,3362,6403
Üsküdar,"90,88","88,40","-2,48",402615,402766,151,163718,165781,2063,179704,186362,6658,-20581
Adıyaman,"80,22","77,77","-2,45",186863,187051,188,86883,88904,2021,55543,54532,-1011,34372
Manavgat,"89,41","85,32","-4,09",183833,183764,-69,70578,72596,2018,77692,82243,4551,-9647
Elazığ,"86,89","83,17","-3,72",324783,324534,-249,181277,183268,1991,79758,82004,2246,101264
Turhal,"90,75","88,93","-1,82",60802,60860,58,31791,33782,1991,19899,20584,685,13198
Ümraniye,"91,46","88,74","-2,72",534091,534463,372,250158,252143,1985,206839,217062,10223,35081
Ereğli – Zonguldak,"90,91","87,70","-3,21",134736,134823,87,61704,63686,1982,49171,52398,3227,11288
Nevşehir,"91,47","88,44","-3,03",106237,106194,-43,62945,64906,1961,25150,27472,2322,37434
Niğde,"89,04","85,52","-3,52",161579,161852,273,80883,82828,1945,50403,53179,2776,29649
Efeler,"91,00","87,73","-3,27",226258,226267,9,73546,75483,1937,115546,120615,5069,-45132
Tavşanlı,"92,95","90,06","-2,89",78500,78492,-8,48541,50440,1899,17355,18790,1435,31650
Karabük,"89,84","86,39","-3,45",93886,93833,-53,49563,51461,1898,25397,28293,2896,23168
Kartal,"91,69","89,02","-2,67",368489,368700,211,135880,137766,1886,181566,188084,6518,-50318
Atakum,"90,47","86,88","-3,59",170898,171020,122,64149,66027,1878,76415,80765,4350,-14738
Silifke,"90,46","87,50","-2,96",97757,97658,-99,33381,35213,1832,46850,49186,2336,-13973
Akçaabat,"90,46","87,78","-2,68",96125,96184,59,56431,58260,1829,22825,24718,1893,33542
Battalgazi,"80,66","78,84","-1,82",192531,192728,197,117296,119101,1805,30480,31162,682,87939
Kırıkkale,"88,80","84,40","-4,40",144369,144428,59,74647,76397,1750,41387,43748,2361,32649
Amasya,"92,64","90,01","-2,63",107218,107142,-76,53506,55256,1750,37615,39875,2260,15381
Harran,"87,13","89,86","2,73",43635,43710,75,35560,37309,1749,1675,1821,146,35488
Sarıçam,"88,35","85,85","-2,50",149406,147676,-1730,73168,74916,1748,46391,50340,3949,24576
Burdur,"91,48","87,98","-3,50",81578,81556,-22,32452,34160,1708,34639,36470,1831,-2310
Giresun,"89,44","85,96","-3,48",106605,106601,-4,45613,47315,1702,40735,43136,2401,4179
Bafra,"88,91","85,57","-3,34",111410,111334,-76,62353,64053,1700,27836,30043,2207,34010
Elbistan,"78,78","75,75","-3,03",87717,87802,85,42599,44296,1697,20074,21241,1167,23055
Seyhan,"86,98","83,83","-3,15",562326,562782,456,182437,184122,1685,277619,282618,4999,-98496
Akhisar,"92,26","89,24","-3,02",138083,137920,-163,56595,58269,1674,60541,63101,2560,-4832
Erdemli,"91,18","88,04","-3,14",111686,111777,91,51554,53215,1661,41710,43952,2242,9263
Çarşamba,"88,75","85,68","-3,07",106190,106203,13,67608,69265,1657,18743,20535,1792,48730
Soma,"93,13","89,81","-3,32",83443,83512,69,39465,41111,1646,30369,32844,2475,8267
Erbaa,"90,01","87,31","-2,70",74891,74940,49,43896,45542,1646,17154,18867,1713,26675
Erzincan,"91,94","90,05","-1,89",115340,115059,-281,60467,62086,1619,38201,40049,1848,22037
Kilis,"88,34","85,27","-3,07",80895,80728,-167,44824,46431,1607,19697,21386,1689,25045
Salihli,"91,43","88,18","-3,25",128009,127982,-27,45269,46850,1581,62146,64518,2372,-17668
Tuzla,"91,80","89,03","-2,77",207751,207941,190,87903,89483,1580,89376,93899,4523,-4416
Darıca,"91,60","88,53","-3,07",163386,163256,-130,78096,79670,1574,59193,63402,4209,16268
Çankırı,"90,19","86,52","-3,67",65554,65617,63,38988,40550,1562,13477,15300,1823,25250
Maltepe,"91,10","89,20","-1,90",400454,398568,-1886,130750,132304,1554,214282,220186,5904,-87882
Küçükçekmece,"90,34","87,18","-3,16",572709,573172,463,216223,217766,1543,264559,277402,12843,-59636
Serdivan,"91,23","87,94","-3,29",108280,108354,74,52687,54230,1543,36310,39616,3306,14614
Pursaklar,"92,02","88,88","-3,14",115128,115230,102,73057,74551,1494,23311,26287,2976,48264
Mustafakemalpaşa,"92,06","88,91","-3,15",81382,81432,50,37572,39057,1485,29682,32428,2746,6629
Yozgat,"91,10","88,70","-2,40",72596,72119,-477,45001,46474,1473,14787,16487,1700,29987
Beykoz,"91,39","88,82","-2,57",187442,187568,126,87844,89303,1459,71809,75484,3675,13819
Serik,"89,29","85,24","-4,05",101601,101688,87,36425,37884,1459,44760,47613,2853,-9729
Kadıköy,"91,15","89,41","-1,74",389092,389224,132,59284,60734,1450,283482,285217,1735,-224483
Alaşehir,"91,28","87,72","-3,56",78797,78771,-26,33052,34502,1450,31874,33415,1541,1087
Ataşehir,"91,31","88,96","-2,35",318508,318707,199,115946,117392,1446,158578,163811,5233,-46419
Kadirli,"88,68","84,61","-4,07",94684,94744,60,48200,49646,1446,27538,29404,1866,20242
Rize,"89,94","87,30","-2,64",112457,112535,78,73879,75313,1434,19763,21696,1933,53617
Bandırma,"90,84","87,71","-3,13",123239,123025,-214,40684,42095,1411,61756,64723,2967,-22628
Gölbaşı – Ankara,"91,54","88,30","-3,24",106348,106440,92,45423,46811,1388,43393,45958,2565,853
Simav,"91,35","88,98","-2,37",49668,49694,26,29148,30531,1383,11768,12684,916,17847
Sarıyer,"90,41","88,14","-2,27",260603,260743,140,90935,92310,1375,131038,135487,4449,-43177
Akyazı,"93,15","91,10","-2,05",70517,70566,49,50348,51699,1351,10290,11684,1394,40015
Dörtyol,"87,92","84,38","-3,54",88633,88723,90,39858,41207,1349,31059,32511,1452,8696
Şehzadeler,"91,70","88,34","-3,36",121939,121584,-355,49616,50960,1344,52265,55042,2777,-4082
Konyaaltı,"89,11","86,32","-2,79",128269,128363,94,28605,29945,1340,78488,79955,1467,-50010
Akçakale,"86,67","86,71","0,04",58148,58235,87,45340,46646,1306,3637,3557,-80,43089
Turgutlu,"90,98","86,75","-4,23",129403,129498,95,54955,56241,1286,52431,54650,2219,1591
Gölcük,"91,77","88,57","-3,20",131571,131672,101,63411,64694,1283,46642,50498,3856,14196
Çaycuma,"89,70","87,12","-2,58",74393,74453,60,33773,35026,1253,26316,28141,1825,6885
Çumra,"91,97","89,54","-2,43",48545,48594,49,33224,34471,1247,7074,8300,1226,26171
Menemen,"90,03","86,70","-3,33",147757,147335,-422,42036,43282,1246,80485,83113,2628,-39831
Çanakkale,"91,15","88,34","-2,81",146019,145852,-167,36069,37310,1241,87789,90428,2639,-53118
Vezirköprü,"88,53","85,75","-2,78",64759,64783,24,42960,44193,1233,9757,10523,766,33670
Bucak,"92,05","88,69","-3,36",50444,50491,47,26178,27409,1231,15521,16397,876,11012
Beyşehir,"90,35","87,31","-3,04",57730,57772,42,34507,35734,1227,12318,13726,1408,22008
Seydişehir,"91,03","88,22","-2,81",50137,50080,-57,24736,25960,1224,16071,17254,1183,8706
Altınordu,"89,42","85,64","-3,78",175035,175161,126,77523,78742,1219,66286,69499,3213,9243
Bağcılar,"90,51","87,63","-2,88",517237,517688,451,266695,267902,1207,170589,180989,10400,86913
Derince,"91,53","88,60","-2,93",110604,110682,78,51260,52467,1207,40904,44270,3366,8197
Akşehir,"87,42","84,06","-3,36",71819,71775,-44,36181,37383,1202,20445,21928,1483,15455
Hendek,"92,29","89,56","-2,73",65464,65508,44,41030,42219,1189,13990,15686,1696,26533
Ünye,"88,39","85,45","-2,94",100063,100005,-58,59742,60926,1184,21208,23015,1807,37911
Çekmeköy,"91,91","89,32","-2,59",211874,212051,177,94793,95976,1183,87105,91524,4419,4452
Niksar,"89,69","88,26","-1,43",47158,47189,31,24592,25775,1183,14370,15212,842,10563
Safranbolu,"90,80","88,00","-2,80",50614,50656,42,23820,25001,1181,17238,18853,1615,6148
Kozan,"88,21","84,58","-3,63",97522,97500,-22,50487,51661,1174,27313,29628,2315,22033
Kırıkhan,"79,46","81,23","1,77",72698,72774,76,42999,44152,1153,11520,12044,524,32108
Acıpayam,"90,76","88,04","-2,72",44082,44112,30,20761,21908,1147,15157,16131,974,5777
Yüreğir,"84,79","81,87","-2,92",273305,273553,248,110521,111651,1130,105728,109317,3589,2334
Körfez,"90,91","87,38","-3,53",129224,129327,103,59368,60494,1126,47728,50982,3254,9512
Bilecik,"91,48","88,37","-3,11",55756,55728,-28,24026,25151,1125,21459,23348,1889,1803
Süleymanpaşa,"90,72","88,15","-2,57",163757,163075,-682,50341,51436,1095,87567,91036,3469,-39600
Polatlı,"87,47","83,61","-3,86",95629,95717,88,42573,43667,1094,33177,35329,2152,8338
İslahiye,"82,47","80,36","-2,11",44192,44081,-111,20850,21939,1089,12853,12853,0,9086
Ödemiş,"89,47","86,72","-2,75",104587,104436,-151,39653,40732,1079,46061,48553,2492,-7821
Biga,"92,21","89,18","-3,03",72806,72855,49,33708,34780,1072,27634,29431,1797,5349
Nazilli,"89,91","86,24","-3,67",122009,122037,28,44064,45130,1066,55424,58643,3219,-13513
Kartepe,"92,85","90,04","-2,81",100219,100296,77,53331,54387,1056,31606,34615,3009,19772
Derik,"82,35","76,58","-5,77",37156,37213,57,4941,5983,1042,24844,22196,-2648,-16213
Ereğli – Konya,"88,35","84,26","-4,09",110668,110474,-194,51872,52911,1039,36766,38938,2172,13973
Bergama,"91,65","88,50","-3,15",83739,83702,-37,31099,32134,1035,39177,40931,1754,-8797
Bozüyük,"92,92","89,56","-3,36",60356,60411,55,25511,26537,1026,24378,26788,2410,-251
Bornova,"91,10","87,72","-3,38",340235,340456,221,96089,97114,1025,191753,198939,7186,-101825
Boyabat,"88,36","86,01","-2,35",33933,33965,32,19691,20716,1025,7349,7936,587,12780
Türkoğlu,"87,80","86,31","-1,49",47946,47990,44,32504,33529,1025,7018,7427,409,26102
Mut,"90,79","87,76","-3,03",48487,48512,25,21066,22089,1023,18803,19847,1044,2242
Gürsu,"89,32","85,37","-3,95",69483,69534,51,39714,40729,1015,16259,17955,1696,22774
Afşin,"83,19","80,95","-2,24",53147,53199,52,30467,31481,1014,10100,10907,807,20574
Gediz,"91,73","89,62","-2,11",38189,38215,26,22397,23399,1002,9342,10172,830,13227
Fethiye,"90,06","86,63","-3,43",129565,129672,107,41699,42690,991,65921,68444,2523,-25754
Tavas,"90,01","87,74","-2,27",34160,34173,13,15680,16670,990,12014,12701,687,3969
Başakşehir,"90,86","88,22","-2,64",317962,318243,281,151496,152484,988,119903,125373,5470,27111
Yüksekova,"83,83","78,88","-4,95",79950,80070,120,9868,10856,988,53467,51111,-2356,-40255
Nizip,"86,01","83,03","-2,98",95280,95052,-228,51017,52003,986,24937,25813,876,26190
Develi,"89,74","87,35","-2,39",49501,49517,16,31956,32931,975,8640,9738,1098,23193
Sındırgı,"92,39","90,14","-2,25",28138,28149,11,13316,14286,970,10129,10516,387,3770
Bulancak,"90,32","87,49","-2,83",54112,54149,37,30021,30990,969,15175,15806,631,15184
Kızıltepe,"85,57","81,17","-4,40",162156,162330,174,25489,26456,967,109403,103639,-5764,-77183
Terme,"89,23","87,06","-2,17",57367,57420,53,37146,38112,966,10404,11224,820,26888
Tosya,"89,90","87,54","-2,36",32066,32092,26,21627,22592,965,4386,5056,670,17536
Esenler,"91,37","88,94","-2,43",316766,315350,-1416,177137,178094,957,92315,99384,7069,78710
Kandıra,"91,85","92,07","0,22",39395,38473,-922,22505,23458,953,10537,11384,847,12074
Kırşehir,"88,19","84,27","-3,92",109290,109120,-170,48327,49275,948,38872,41354,2482,7921
Erenler,"91,18","88,29","-2,89",66517,66567,50,41385,42332,947,13942,15615,1673,26717
Karşıyaka,"91,72","89,70","-2,02",280303,280423,120,41560,42501,941,204518,207529,3011,-165028
Kula,"91,82","88,67","-3,15",34756,34783,27,17435,18370,935,10982,11863,881,6507
Fatsa,"87,06","83,72","-3,34",96173,96223,50,49321,50252,931,27738,29269,1531,20983
Sorgun,"87,92","85,82","-2,10",57904,57958,54,39807,40727,920,7613,8364,751,32363
Aziziye,"91,15","88,34","-2,81",43435,43481,46,29822,30741,919,6320,7133,813,23608
Menteşe,"91,89","89,08","-2,81",88819,88653,-166,23078,23987,909,51918,53880,1962,-29893
Başiskele,"93,18","90,86","-2,32",82786,82832,46,46933,47839,906,24252,26438,2186,21401
Mudanya,"91,38","88,52","-2,86",87354,87401,47,29447,30338,891,43746,46183,2437,-15845
Sandıklı,"88,15","85,09","-3,06",41723,41751,28,23637,24520,883,9593,10247,654,14273
Çorlu,"90,31","87,14","-3,17",218475,218590,115,66201,67067,866,117923,121813,3890,-54746
Döşemealtı,"90,95","89,16","-1,79",56986,56255,-731,22701,23567,866,24501,25905,1404,-2338
Canik,"88,91","85,66","-3,25",73136,73197,61,44738,45601,863,14743,16326,1583,29275
Gemlik,"90,09","86,44","-3,65",92468,92530,62,38109,38969,860,37581,40087,2506,-1118
Hassa,"84,89","83,25","-1,64",37610,37654,44,22701,23560,859,6738,7215,477,16345
Devrek,"85,45","82,70","-2,75",46102,46129,27,23052,23907,855,12482,13346,864,10561
Gönen – Balıkesir,"91,72","88,53","-3,19",60929,60956,27,26740,27589,849,24095,25766,1671,1823
Pazarcık,"80,79","79,38","-1,41",47001,47044,43,19888,20737,849,15933,16148,215,4589
Yenişehir – Mersin,"88,94","86,02","-2,92",200160,200305,145,43500,44340,840,125414,126523,1109,-82183
Kahta,"85,25","83,26","-1,99",83579,83673,94,55054,55893,839,13411,12743,-668,43150
Kaş,"90,23","87,48","-2,75",47411,47439,28,17624,18459,835,21709,22377,668,-3918
Osmancık,"90,45","88,05","-2,40",33800,33823,23,19908,20743,835,7928,8500,572,12243
Besni,"79,63","77,25","-2,38",52352,52406,54,25032,25866,834,13913,13830,-83,12036
Çayırova,"91,57","88,06","-3,51",107077,107153,76,54046,54879,833,36165,38531,2366,16348
Kars,"83,45","78,09","-5,36",78150,78106,-44,21276,22103,827,37661,38040,379,-15937
Gümüşhane,"87,84","85,42","-2,42",34199,34113,-86,19912,20738,826,7434,7866,432,12872
Kumluca,"91,85","88,79","-3,06",55570,55613,43,24824,25649,825,21557,23035,1478,2614
Bolvadin,"89,80","87,80","-2,00",31637,31526,-111,19645,20466,821,6071,6670,599,13796
Silivri,"90,52","90,72","0,20",151415,146259,-5156,54056,54870,814,74220,76644,2424,-21774
Yenişehir – Bursa,"92,09","89,00","-3,09",42793,42755,-38,20121,20934,813,15231,16599,1368,4335
Hakkari,"86,59","80,41","-6,18",52927,52874,-53,9388,10196,808,34004,31460,-2544,-21264
Toroslar,"88,71","84,82","-3,89",226675,226843,168,81646,82445,799,105645,107770,2125,-25325
Milas,"91,40","87,99","-3,41",116664,116731,67,31549,32346,797,67231,69103,1872,-36757
Bor,"90,15","87,30","-2,85",45418,45469,51,24204,24998,794,13183,14056,873,10942
Yatağan,"93,56","90,97","-2,59",36598,36628,30,11797,12591,794,19405,20060,655,-7469
Suluova,"91,69","89,18","-2,51",36530,36552,22,23037,23830,793,7676,8189,513,15641
Göksun,"83,10","80,76","-2,34",35053,35085,32,20242,21034,792,6383,6837,454,14197
Altınözü,"86,06","85,49","-0,57",38349,38385,36,27467,28257,790,4269,4292,23,23965
Bigadiç,"92,46","89,27","-3,19",37259,37273,14,19227,20010,783,12362,12689,327,7321
Demirci,"91,44","89,32","-2,12",28933,28949,16,17308,18089,781,6737,7203,466,10886
Mezitli,"88,63","85,78","-2,85",157884,157988,104,41229,42006,777,90720,92307,1587,-50301
Anamur,"90,90","87,80","-3,10",52914,52869,-45,19583,20360,777,24591,25271,680,-4911
Aliağa,"91,67","90,84","-0,83",74236,72242,-1994,22900,23675,775,39463,41179,1716,-17504
Çayeli,"89,09","87,98","-1,11",33633,33650,17,23553,24323,770,4481,4912,431,19411
Kağıthane,"90,33","87,45","-2,88",334013,334245,232,151320,152082,762,130514,137578,7064,14504
Çine,"91,84","89,16","-2,68",39758,39784,26,15512,16267,755,17559,18570,1011,-2303
Düziçi,"88,36","84,91","-3,45",59683,59745,62,32605,33355,750,15796,16579,783,16776
Eyüpsultan,"91,27","88,54","-2,73",308926,309147,221,129077,129824,747,135204,141177,5973,-11353
Bayburt,"87,05","85,06","-1,99",46469,46477,8,31055,31801,746,6260,7097,837,24704
Midyat,"77,04","73,96","-3,08",76297,76948,651,30366,31112,746,25606,24455,-1151,6657
Gördes,"91,97","89,16","-2,81",21919,21930,11,11765,12499,734,6353,6587,234,5912
Çivril,"89,00","85,99","-3,01",46338,46369,31,19032,19758,726,18492,19341,849,417
Sinop,"90,26","87,32","-2,94",49981,49910,-71,17132,17857,725,23983,25112,1129,-7255
Gaziemir,"90,88","87,79","-3,09",103524,103598,74,28718,29441,723,58238,60633,2395,-31192
Geyve,"92,41","88,94","-3,47",38189,38208,19,23388,24109,721,8464,9273,809,14836
Karabağlar,"89,78","86,34","-3,44",372086,372357,271,115251,115970,719,197104,202777,5673,-86807
Tekkeköy,"91,25","88,67","-2,58",43343,43368,25,24893,25609,716,11594,12255,661,13354
Ilgın,"89,97","86,16","-3,81",41394,41439,45,23963,24675,712,9526,10307,781,14368
İdil,"76,11","72,02","-4,09",43551,43632,81,7096,7806,710,24613,23015,-1598,-15209
Çan,"94,11","91,57","-2,54",38255,38275,20,17207,17902,695,15705,16693,988,1209
Yalova,"86,62","82,93","-3,69",104681,104701,20,41261,41937,676,41431,43697,2266,-1760
Dursunbey,"91,67","88,87","-2,80",27600,27621,21,18774,19447,673,4189,4625,436,14822
Of,"89,10","87,85","-1,25",34151,34172,21,24310,24983,673,4235,4640,405,20343
Zonguldak,"88,25","84,85","-3,40",89726,89613,-113,34502,35167,665,37874,39631,1757,-4464
İskilip,"88,92","86,06","-2,86",24157,24181,24,15650,16306,656,3733,4071,338,12235
Ergani,"79,92","73,42","-6,50",87937,88016,79,20173,20827,654,46296,42478,-3818,-21651
Ermenek,"87,94","84,48","-3,46",21225,21233,8,9302,9955,653,7046,7533,487,2422
Şuhut,"92,18","90,14","-2,04",27393,27424,31,16758,17410,652,6549,6855,306,10555
Reşadiye,"84,18","83,84","-0,34",22599,22620,21,12886,13538,652,4910,5106,196,8432
Kestel,"90,96","87,92","-3,04",55098,55141,43,27503,28151,648,18217,19749,1532,8402
Artvin,"91,42","89,02","-2,40",25246,25221,-25,9955,10601,646,10906,11482,576,-881
Ulus,"87,97","86,29","-1,68",18392,18399,7,10498,11144,646,4065,4366,301,6778
Ceyhan,"87,74","84,73","-3,01",112582,112656,74,44001,44646,645,48273,49595,1322,-4949
Suruç,"77,68","72,25","-5,43",59936,60046,110,11861,12503,642,32989,30325,-2664,-17822
Kırkağaç,"92,60","89,99","-2,61",30693,30719,26,18083,18723,640,7689,8426,737,10297
Dinar,"88,44","84,98","-3,46",35627,35589,-38,17082,17721,639,11330,11924,594,5797
Aksu – Antalya,"89,56","85,60","-3,96",55724,55766,42,22383,23020,637,22627,24114,1487,-1094
Çubuk,"91,57","88,34","-3,23",69444,69504,60,44878,45514,636,13813,14974,1161,30540
Karacabey,"90,66","86,78","-3,88",65691,65747,56,27927,28562,635,26155,27849,1694,713
Merzifon,"92,14","89,46","-2,68",58663,58702,39,26208,26842,634,23897,25005,1108,1837
Senirkent,"88,68","86,35","-2,33",8555,8559,4,3487,4121,634,2891,3079,188,1042
Gaziosmanpaşa,"90,26","87,31","-2,95",357455,357734,279,175747,176378,631,126073,133122,7049,43256
Yalvaç,"83,67","80,95","-2,72",34757,34752,-5,17017,17647,630,9179,9913,734,7734
Karasu,"88,55","85,69","-2,86",54031,54056,25,30479,31108,629,13636,14692,1056,16416
Gazipaşa,"91,95","88,67","-3,28",41450,41484,34,15248,15877,629,19412,20307,895,-4430
Gölbaşı – Adıyaman,"81,42","79,73","-1,69",33496,33521,25,15818,16446,628,9666,9846,180,6600
Beypazarı,"91,19","87,05","-4,14",37430,37458,28,18928,19554,626,11747,12532,785,7022
Sarıkaya,"79,76","78,21","-1,55",23928,23952,24,14822,15448,626,2718,3023,305,12425
Eğirdir,"90,12","86,58","-3,54",23668,23683,15,11786,12406,620,7188,7670,482,4736
Zile,"91,19","89,41","-1,78",42474,42467,-7,19226,19844,618,17081,17581,500,2263
Bahçelievler,"90,28","87,49","-2,79",425392,425698,306,185639,186256,617,174808,182653,7845,3603
Şırnak,"88,57","84,95","-3,62",60835,60605,-230,16944,17558,614,32924,32689,-235,-15131
Buca,"89,39","85,70","-3,69",393730,393800,70,115905,116517,612,211213,217897,6684,-101380
Kağızman,"75,34","69,59","-5,75",29354,29398,44,9648,10260,612,10703,9844,-859,416
Reyhanlı,"81,69","79,91","-1,78",64674,64752,78,42197,42806,609,7879,8427,548,34379
İvrindi,"94,04","91,97","-2,07",25958,25976,18,14904,15513,609,7427,7902,475,7611
Ürgüp,"90,92","88,62","-2,30",28527,28549,22,14511,15117,606,9195,9803,608,5314
Seydikemer,"90,46","87,28","-3,18",49151,48992,-159,23885,24483,598,16579,17468,889,7015
Halfeti,"72,88","70,97","-1,91",26737,26768,31,7299,7897,598,10978,10750,-228,-2853
Taşova,"89,99","88,13","-1,86",25221,25243,22,13984,14578,594,6823,7258,435,7320
Orhangazi,"91,09","87,73","-3,36",63161,63221,60,28410,29003,593,24022,25691,1669,3312
Vakfıkebir,"89,87","87,55","-2,32",21462,21472,10,12542,13135,593,5131,5362,231,7773
Doğanşehir,"83,93","82,99","-0,94",26684,26709,25,12459,13050,591,8673,8776,103,4274
Çameli,"89,47","86,35","-3,12",14876,14885,9,8364,8950,586,3396,3634,238,5316
Kahramankazan,"91,66","88,27","-3,39",42802,42842,40,24411,24996,585,10847,12157,1310,12839
Sinanpaşa,"90,72","88,07","-2,65",29626,29646,20,18650,19235,585,5760,6294,534,12941
Gerze,"88,14","85,63","-2,51",23102,23110,8,11442,12023,581,6825,7426,601,4597
Akyurt,"91,88","88,86","-3,02",30348,30388,40,19723,20301,578,5620,6296,676,14005
Sungurlu,"90,07","88,00","-2,07",36856,36672,-184,22644,23221,577,8156,8572,416,14649
Banaz,"89,88","86,75","-3,13",27949,27968,19,12095,12671,576,10238,11048,810,1623
Espiye,"87,63","84,19","-3,44",27521,27415,-106,14615,15186,571,7197,7516,319,7670
Yenice – Karabük,"87,85","85,41","-2,44",16521,16529,8,8206,8776,570,4604,4906,302,3870
Ferizli,"91,58","92,36","0,78",21286,20582,-704,12947,13516,569,4727,5241,514,8275
Akdeniz,"89,01","86,20","-2,81",176855,176298,-557,49379,49948,569,100085,100236,151,-50288
Çiğli,"91,50","88,59","-2,91",165743,165853,110,38748,39316,568,103188,106556,3368,-67240
Yeşilli,"90,51","93,99","3,48",8511,8521,10,5468,6035,567,2031,1845,-186,4190
Cizre,"85,68","80,76","-4,92",91528,91677,149,11286,11846,560,63463,60735,-2728,-48889
Şarkîkaraağaç,"87,82","84,76","-3,06",19558,19578,20,9413,9972,559,5840,6169,329,3803
Alaplı,"91,77","88,53","-3,24",33086,33109,23,18176,18733,557,9349,10032,683,8701
Eşme,"89,93","86,58","-3,35",27794,27805,11,9991,10548,557,12840,13104,264,-2556
Çay,"89,13","85,84","-3,29",23230,23250,20,11502,12059,557,7279,7472,193,4587
Orhaneli,"93,81","91,39","-2,42",15599,15607,8,9087,9642,555,3963,4298,335,5344
Tire,"89,79","86,13","-3,66",69165,69211,46,24032,24580,548,32733,34323,1590,-9743
Bahçe,"90,22","88,37","-1,85",16377,16391,14,10381,10929,548,3034,3299,265,7630
Gerede,"92,78","91,98","-0,80",26718,26472,-246,20562,21109,547,2497,2911,414,18198
Yayladağı,"90,82","89,64","-1,18",24676,24705,29,17379,17926,547,3656,3898,242,14028
Emirdağ,"70,42","68,25","-2,17",32693,32721,28,13241,13786,545,7770,8174,404,5612
Kiraz,"88,84","85,97","-2,87",33925,33949,24,15106,15646,540,11971,12906,935,2740
İznik,"91,67","88,46","-3,21",36005,36026,21,16657,17196,539,13469,14236,767,2960
Sarıgöl,"92,26","89,43","-2,83",28227,28238,11,10158,10691,533,13495,14087,592,-3396
Kemalpaşa – Izmir,"91,91","88,55","-3,36",86898,86953,55,37861,38393,532,35620,37639,2019,754
Mazıdağı,"81,30","76,99","-4,31",21968,21998,30,3511,4043,532,13431,12467,-964,-8424
Görele,"85,51","82,94","-2,57",25308,25318,10,12310,12840,530,7612,7842,230,4998
Edremit – Balıkesir,"88,56","85,60","-2,96",135472,135557,85,39941,40469,528,72549,74495,1946,-34026
Taşköprü,"87,72","84,51","-3,21",30851,30872,21,17825,18351,526,6559,7311,752,11040
Akdağmadeni,"79,90","77,90","-2,00",28593,28610,17,17317,17842,525,3777,4127,350,13715
Şile,"92,27","90,19","-2,08",34430,34448,18,15188,15711,523,14285,14986,701,725
Suşehri,"88,79","87,17","-1,62",19399,19417,18,13405,13927,522,2516,2741,225,11186
Arifiye,"92,15","89,00","-3,15",34994,35023,29,21399,21920,521,8016,8794,778,13126
Andırın,"88,52","86,24","-2,28",25641,25668,27,14556,15077,521,6371,6623,252,8454
Aybastı,"83,14","81,30","-1,84",15933,15942,9,9335,9854,519,2638,2825,187,7029
Akkuş,"82,96","79,59","-3,37",17603,17612,9,10386,10904,518,2673,2826,153,8078
Gülnar,"90,73","88,66","-2,07",20515,20529,14,9463,9974,511,7496,7884,388,2090
Köprüköy,"79,92","80,15","0,23",9201,9210,9,5484,5995,511,1418,1262,-156,4733
Pasinler,"89,06","86,58","-2,48",18009,18030,21,12306,12816,510,2558,2577,19,10239
Pervari,"82,30","80,27","-2,03",16655,16692,37,7310,7818,508,5416,5166,-250,2652
Avcılar,"89,30","86,60","-2,70",302475,302705,230,108884,109389,505,145679,150617,4938,-41228
Çermik,"75,95","71,00","-4,95",31759,31788,29,13398,13899,501,9221,8243,-978,5656
Elmalı,"91,68","89,41","-2,27",31087,30910,-177,14112,14612,500,11884,12542,658,2070
Kaynarca,"93,19","91,43","-1,76",18888,18898,10,13101,13601,500,3006,3440,434,10161
Şarkışla,"86,32","84,14","-2,18",27800,27831,31,16594,17094,500,5598,5995,397,11099
Şemdinli,"80,96","74,94","-6,02",27262,27303,41,8058,8557,499,12553,11249,-1304,-2692
Bayraklı,"90,68","87,38","-3,30",233097,233254,157,71970,72468,498,125064,129432,4368,-56964
Nallıhan,"90,14","87,34","-2,80",21762,21774,12,10393,10891,498,7280,7791,511,3100
Bayrampaşa,"91,43","88,63","-2,80",200830,200977,147,92500,92993,493,77678,83273,5595,9720
Karayazı,"74,91","71,31","-3,60",16450,16467,17,3034,3527,493,8572,7950,-622,-4423
Karakoyunlu,"77,94","70,24","-7,70",8965,8975,10,2056,2548,492,3716,3656,-60,-1108
Korkuteli,"91,53","88,21","-3,32",44120,44152,32,21324,21815,491,15643,16429,786,5386
Nusaybin,"78,83","75,17","-3,66",73998,74067,69,8393,8884,491,47505,45730,-1775,-36846
Ortaköy – Aksaray,"84,38","81,91","-2,47",23211,23227,16,14158,14647,489,3887,4061,174,10586
Salıpazarı,"90,40","89,26","-1,14",15619,15631,12,10534,11017,483,2582,2756,174,8261
Çiftlikköy,"88,10","84,66","-3,44",36279,36308,29,14487,14969,482,14407,15310,903,-341
Lapseki,"92,26","89,87","-2,39",23638,23651,13,10598,11080,482,9392,9910,518,1170
Payas,"89,70","86,96","-2,74",29655,29673,18,15663,16145,482,8776,9261,485,6884
Kargı,"87,67","86,22","-1,45",13519,13522,3,7981,8463,482,2737,2963,226,5500
Alaçam,"88,84","86,28","-2,56",20284,20296,12,10645,11125,480,5803,6084,281,5041
Tuzluca,"75,05","69,01","-6,04",15743,15761,18,2992,3472,480,7424,7199,-225,-3727
Beylikdüzü,"90,19","87,63","-2,56",270526,270708,182,99014,99492,478,131624,135916,4292,-36424
Gölhisar,"88,59","85,58","-3,01",17477,17492,15,9407,9882,475,4525,4826,301,5056
Korgan,"86,10","83,04","-3,06",20858,20873,15,13888,14360,472,2656,2693,37,11667
Sultangazi,"91,72","89,11","-2,61",377028,377362,334,198292,198763,471,128388,134222,5834,64541
Ayvacık,"91,23","88,66","-2,57",28254,28270,16,10448,10919,471,13392,13779,387,-2860
Torbalı,"90,74","87,19","-3,55",152729,152865,136,52433,52903,470,76066,78917,2851,-26014
Çaldıran,"70,50","61,98","-8,52",33277,33332,55,5618,6088,470,16410,14135,-2275,-8047
İncirliova,"89,43","86,83","-2,60",40884,40915,31,16745,17213,468,16941,17884,943,-671
Şavşat,"84,83","85,18","0,35",14718,14725,7,5048,5515,467,6555,6806,251,-1291
Burhaniye,"90,51","88,52","-1,99",50790,50428,-362,16110,16573,463,26699,27570,871,-10997
İncesu,"92,40","88,86","-3,54",21289,21311,22,13096,13559,463,4637,5009,372,8550
Menderes,"89,61","86,49","-3,12",82272,82327,55,27645,28107,462,40769,42337,1568,-14230
Silopi,"87,64","82,17","-5,47",83278,83442,164,12746,13208,462,56783,53920,-2863,-40712
Nurdağı,"81,38","79,14","-2,24",26407,26440,33,15612,16069,457,4510,4586,76,11483
Bozdoğan,"91,98","88,51","-3,47",25626,25640,14,10861,11317,456,10264,10936,672,381
Finike,"89,87","86,17","-3,70",38139,38167,28,15743,16197,454,15554,16174,620,23
Kepsut,"94,24","94,12","-0,12",16826,16491,-335,10595,11049,454,3998,4241,243,6808
Bünyan,"89,26","88,35","-0,91",20002,19508,-494,11739,12191,452,4452,4838,386,7353
Gemerek,"85,02","82,54","-2,48",17055,17066,11,8050,8502,452,4932,5283,351,3219
Havza,"89,97","87,97","-2,00",30276,30301,25,18337,18787,450,6915,7468,553,11319
Kuyucak,"91,12","89,28","-1,84",21249,21259,10,8473,8919,446,9257,9725,468,-806
Feke,"86,29","84,53","-1,76",12788,12796,8,6878,7322,444,3092,3306,214,4016
Honaz,"91,77","91,29","-0,48",22801,22251,-550,8995,9438,443,9945,10638,693,-1200
Doğanhisar,"88,69","86,43","-2,26",12569,12575,6,6671,7113,442,3158,3362,204,3751
Selendi,"91,15","88,03","-3,12",15534,15543,9,8608,9046,438,4278,4378,100,4668
Durağan,"87,56","85,97","-1,59",12976,12983,7,8854,9289,435,1514,1674,160,7615
Maçka,"88,05","86,41","-1,64",20511,20520,9,12283,12717,434,4760,4640,-120,8077
Kozlu,"88,84","85,56","-3,28",36385,36400,15,16121,16554,433,13331,14103,772,2451
Bayındır,"90,27","88,04","-2,23",31497,31524,27,11809,12242,433,14436,15139,703,-2897
Belen,"87,11","84,95","-2,16",23499,23520,21,12917,13346,429,5934,6385,451,6961
Perşembe,"87,18","84,62","-2,56",25699,25564,-135,11114,11540,426,9582,9728,146,1812
Şebinkarahisar,"86,42","85,12","-1,30",15448,15441,-7,10065,10487,422,2224,2458,234,8029
Tirebolu,"88,14","84,99","-3,15",26165,26187,22,13972,14392,420,7112,7427,315,6965
İnebolu,"86,87","84,18","-2,69",15988,15999,11,9395,9815,420,3111,3420,309,6395
Tortum,"87,72","86,96","-0,76",12293,12304,11,8934,9354,420,995,1170,175,8184
Saraykent,"75,94","78,33","2,39",7911,7914,3,5042,5461,419,555,641,86,4820
Saruhanlı,"93,15","90,18","-2,97",44177,44208,31,17509,17927,418,20445,21390,945,-3463
Oltu,"87,11","84,62","-2,49",22557,22510,-47,14950,15367,417,3037,3344,307,12023
Marmaris,"87,66","84,23","-3,43",73444,73478,34,17104,17520,416,43032,43814,782,-26294
Ortaca,"91,09","88,22","-2,87",42604,42630,26,11848,12264,416,24337,24996,659,-12732
Cide,"84,45","82,44","-2,01",18600,18605,5,10068,10484,416,4267,4569,302,5915
Gülşehir,"88,25","85,62","-2,63",16685,16699,14,9595,10011,416,3854,4051,197,5960
Erzin,"88,93","86,01","-2,92",29642,29674,32,12238,12649,411,12007,12478,471,171
Kale – Denizli,"92,25","87,62","-4,63",15039,15051,12,7619,8030,411,4507,4835,328,3195
Yıldızeli,"84,83","84,05","-0,78",21648,21669,21,13907,14317,410,3517,3706,189,10611
Boğazlıyan,"86,91","85,38","-1,53",25467,25399,-68,13107,13516,409,7366,7828,462,5688
Sarayönü,"91,37","89,50","-1,87",20777,20794,17,14917,15326,409,2818,3039,221,12287
Susurluk,"90,94","88,61","-2,33",30959,30973,14,12805,13213,408,13198,13943,745,-730
İscehisar,"94,23","91,77","-2,46",17568,17591,23,12228,12633,405,2764,3261,497,9372
Gölköy,"83,15","78,52","-4,63",21443,21460,17,10529,10934,405,5545,5554,9,5380
Sürmene,"85,96","83,79","-2,17",20217,20233,16,12409,12813,404,3628,3840,212,8973
Yusufeli,"85,34","82,71","-2,63",15809,15814,5,9202,9605,403,3028,3239,211,6366
Yahşihan,"89,74","85,64","-4,10",19839,19851,12,8823,9222,399,6977,7536,559,1686
Tonya,"87,39","85,17","-2,22",11297,11303,6,5496,5895,399,3325,3429,104,2466
Gürpınar,"77,87","71,45","-6,42",20775,20805,30,6372,6770,398,8818,7755,-1063,-985
Bulanık,"74,34","68,24","-6,10",44272,44346,74,5773,6171,398,25518,23547,-1971,-17376
Buldan,"91,18","87,36","-3,82",21173,21189,16,8074,8471,397,9045,9679,634,-1208
Çilimli,"93,11","93,28","0,17",13583,13348,-235,9705,10101,396,1876,2184,308,7917
Elmadağ,"92,81","89,24","-3,57",34388,34431,43,15098,15493,395,14239,14935,696,558
Yahyalı,"91,69","89,82","-1,87",26791,26813,22,19443,19838,395,3574,3925,351,15913
Ardahan,"84,13","79,38","-4,75",28858,28808,-50,8735,9130,395,13551,13397,-154,-4267
Pamukova,"92,28","89,08","-3,20",23105,23122,17,14250,14642,392,5173,5656,483,8986
Emet,"90,98","88,49","-2,49",14933,14940,7,9440,9831,391,2948,3123,175,6708
Tomarza,"89,39","86,77","-2,62",16354,16365,11,10258,10648,390,3076,3314,238,7334
Koyulhisar,"84,61","84,45","-0,16",10232,10234,2,6161,6547,386,1819,1931,112,4616
Ezine,"91,33","88,62","-2,71",25223,25235,12,9361,9746,385,11939,12293,354,-2547
Havran,"93,62","90,63","-2,99",21344,21358,14,12255,12640,385,6220,6410,190,6230
Yomra,"88,65","85,14","-3,51",32890,32918,28,18928,19312,384,7723,8331,608,10981
Kavak,"91,57","88,61","-2,96",18349,18286,-63,11150,11534,384,4025,4363,338,7171
Mudurnu,"90,73","87,85","-2,88",14965,13154,-1811,8401,8783,382,3634,4105,471,4678
Türkeli,"82,89","81,88","-1,01",12510,12518,8,7704,8086,382,1815,2008,193,6078
Tekman,"73,93","69,52","-4,41",14667,14687,20,2805,3187,382,7308,6764,-544,-3577
Dereli,"89,53","86,71","-2,82",15499,15510,11,10640,11021,381,2136,2217,81,8804
Yenice – Çanakkale,"93,56","91,20","-2,36",25534,25545,11,14044,14423,379,7963,8499,536,5924
Sancaktepe,"91,46","88,29","-3,17",343363,343652,289,150498,150876,378,145594,149723,4129,1153
Bozkır,"86,89","83,71","-3,18",19078,19090,12,11606,11983,377,3440,3684,244,8299
Malazgirt,"76,33","71,29","-5,04",27457,27503,46,3935,4312,377,16067,14913,-1154,-10601
Araklı,"84,78","82,29","-2,49",36039,36067,28,24585,24958,373,4022,4396,374,20562
Beşikdüzü,"89,10","86,62","-2,48",17538,17515,-23,6679,7051,372,7489,7831,342,-780
Samsat,"90,93","95,57","4,64",4291,4292,1,3207,3577,370,555,395,-160,3182
Arsuz,"87,78","87,35","-0,43",72376,72067,-309,14351,14714,363,47230,47861,631,-33147
Ondokuzmayıs,"88,50","86,54","-1,96",20680,20700,20,13256,13619,363,3721,4056,335,9563
Kınık,"93,63","91,47","-2,16",21576,21584,8,7287,7649,362,11520,11815,295,-4166
Karapınar,"90,13","85,76","-4,37",36050,36078,28,21251,21611,360,8329,8886,557,12725
Gökçebey,"87,65","84,71","-2,94",17193,17201,8,7364,7722,358,5980,6364,384,1358
Yağlıdere,"85,11","83,50","-1,61",12331,12338,7,7916,8274,358,1758,1844,86,6430
Aralık,"76,87","68,71","-8,16",14074,14092,18,3433,3789,356,6069,5717,-352,-1928
Kelkit,"79,27","77,65","-1,62",26046,26068,22,16329,16683,354,3090,3270,180,13413
Çerkeş,"86,35","84,18","-2,17",12774,12782,8,7214,7567,353,2711,2999,288,4568
Avanos,"88,50","86,66","-1,84",25480,25494,14,11839,12191,352,9116,9573,457,2618
Büyükçekmece,"90,08","87,60","-2,48",197387,197541,154,76400,76751,351,91333,94944,3611,-18193
Sapanca,"92,39","89,45","-2,94",32977,32998,21,18107,18458,351,10035,10702,667,7756
Söke,"89,87","86,29","-3,58",93670,93604,-66,28774,29124,350,49534,50875,1341,-21751
Alaca,"89,26","87,58","-1,68",23193,23212,19,13807,14157,350,5641,5904,263,8253
Karaisalı,"92,49","90,35","-2,14",17312,17322,10,11072,11421,349,3606,3984,378,7437
Ilgaz,"87,09","84,80","-2,29",11538,11545,7,7225,7573,348,1813,2005,192,5568
Kalkandere,"88,13","90,05","1,92",9927,9761,-166,6892,7240,348,1396,1431,35,5809
Karlıova,"70,86","66,30","-4,56",18091,18109,18,4902,5248,346,6873,6228,-645,-980
Akçakoca,"91,79","89,27","-2,52",31683,31699,16,17002,17347,345,9777,10596,819,6751
Bayramiç,"93,69","91,40","-2,29",23855,23870,15,9041,9386,345,11640,12071,431,-2685
Orta,"87,26","87,62","0,36",9675,9676,1,7276,7619,343,687,759,72,6860
Şereflikoçhisar,"84,29","80,35","-3,94",25169,25188,19,11469,11811,342,7946,8127,181,3684
Kemer – Antalya,"88,45","84,79","-3,66",32867,32891,24,11584,11921,337,15233,15681,448,-3760
Başkale,"76,83","70,26","-6,57",27346,27393,47,4005,4341,336,15442,14544,-898,-10203
Bitlis,"84,03","78,92","-5,11",44751,44653,-98,17355,17690,335,17636,16615,-1021,1075
Yavuzeli,"88,93","87,80","-1,13",14174,14195,21,7826,8159,333,4133,4069,-64,4090
Horasan,"79,52","76,69","-2,83",23966,24003,37,14785,15118,333,3140,3037,-103,12081
Savur,"76,10","73,37","-2,73",16148,16161,13,5450,5783,333,6232,5846,-386,-63
Gölyaka,"93,85","92,08","-1,77",16180,16190,10,10359,10691,332,3761,4027,266,6664
Mesudiye,"77,47","77,60","0,13",11089,11092,3,5637,5962,325,2384,2509,125,3453
Kürtün,"85,54","83,83","-1,71",9271,9273,2,6172,6492,320,1153,1156,3,5336
Kulu,"70,70","68,51","-2,19",37279,37311,32,16354,16673,319,8614,8553,-61,8120
Beşiktaş,"90,29","88,21","-2,08",134684,134740,56,20338,20656,318,97080,97506,426,-76850
Aladağ,"91,05","89,91","-1,14",12330,12338,8,6679,6996,317,3607,3900,293,3096
Kaynaşlı,"91,02","88,79","-2,23",15850,15862,12,10978,11295,317,2341,2592,251,8703
Keçiborlu,"91,27","89,07","-2,20",11201,11207,6,5548,5865,317,3705,3921,216,1944
Sarıkamış,"75,29","69,74","-5,55",24860,24888,28,10537,10854,317,6601,6156,-445,4698
Koçarlı,"92,98","91,03","-1,95",17999,18010,11,8852,9168,316,6692,6983,291,2185
İspir,"85,27","84,74","-0,53",11856,11862,6,8067,8382,315,1319,1508,189,6874
Kadınhanı,"92,54","90,42","-2,12",22624,22649,25,16455,16768,313,3085,3416,331,13352
Kocaali,"91,06","88,22","-2,84",18712,18723,11,11446,11759,313,4225,4524,299,7235
Bismil,"85,44","81,28","-4,16",74110,74211,101,12547,12860,313,48324,46285,-2039,-33425
Araç,"88,24","85,88","-2,36",14930,14941,11,8605,8917,312,3353,3637,284,5280
Sivaslı,"90,07","88,35","-1,72",15532,15545,13,6596,6907,311,6282,6531,249,376
Seferihisar,"89,91","87,34","-2,57",44719,44746,27,10375,10685,310,27553,28059,506,-17374
Kurtalan,"80,15","74,28","-5,87",37495,37545,50,8248,8558,310,20382,18620,-1762,-10062
Yeşilova,"87,76","85,79","-1,97",12421,12427,6,4353,4661,308,5517,5517,0,-856
Oğuzeli,"90,17","86,88","-3,29",22746,22767,21,13003,13309,306,5764,6176,412,7133
Bozyazı,"92,22","89,87","-2,35",20949,20971,22,9123,9429,306,8640,8997,357,432
Amasra,"86,63","84,43","-2,20",11577,11580,3,4377,4683,306,4626,4842,216,-159
Çerkezköy,"90,26","86,43","-3,83",144266,144398,132,60221,60526,305,60212,62967,2755,-2441
Zara,"89,12","88,07","-1,05",17221,17228,7,9004,9308,304,5400,5703,303,3605
Aydıncık – Mersin,"91,58","89,56","-2,02",8903,8907,4,3877,4181,304,3468,3645,177,536
Karamürsel,"88,41","85,28","-3,13",45969,45998,29,22136,22439,303,14978,16205,1227,6234
Osmaneli,"91,81","88,89","-2,92",16835,16846,11,8329,8632,303,5486,6109,623,2523
Hisarcık,"90,83","88,83","-2,00",9096,9099,3,5398,5701,303,2001,2179,178,3522
Genç,"78,36","74,81","-3,55",24152,24172,20,14239,14540,301,3440,3142,-298,11398
Şabanözü,"91,43","89,72","-1,71",9074,9086,12,5419,5718,299,2117,2320,203,3398
Borçka,"89,54","87,24","-2,30",17375,17385,10,9282,9579,297,5103,5340,237,4239
Aşkale,"89,37","86,93","-2,44",15225,15235,10,10594,10891,297,2035,2169,134,8722
Çatalca,"92,26","89,77","-2,49",60887,60930,43,22980,23276,296,29562,30836,1274,-7560
Demre,"92,52","89,34","-3,18",21283,21301,18,9182,9477,295,8715,9235,520,242
Göynük,"91,31","89,12","-2,19",11652,11659,7,7931,8225,294,1828,2022,194,6203
Ceylanpınar,"82,97","79,95","-3,02",51482,51555,73,21256,21548,292,19638,19007,-631,2541
Lüleburgaz,"92,13","89,63","-2,50",122224,122311,87,31181,31472,291,75350,77354,2004,-45882
Sultandağı,"89,78","87,67","-2,11",12010,12017,7,3431,3722,291,6369,6593,224,-2871
Ardeşen,"88,36","86,08","-2,28",32329,32348,19,18668,18957,289,8032,8546,514,10411
Narman,"85,70","84,31","-1,39",8865,8873,8,5884,6173,289,1121,1196,75,4977
Şalpazarı,"90,54","89,79","-0,75",8923,8929,6,5596,5885,289,1946,1972,26,3913
Karataş,"89,86","87,99","-1,87",17032,17041,9,5350,5634,284,9340,9223,-117,-3589
Balya,"93,28","91,42","-1,86",10957,10962,5,4862,5144,282,4456,4712,256,432
Büyükorhan,"91,43","88,87","-2,56",7833,7837,4,5189,5471,282,1250,1299,49,4172
Digor,"74,98","69,24","-5,74",13087,13104,17,1415,1697,282,7880,7237,-643,-5540
Çal,"91,85","89,59","-2,26",14841,14849,8,5440,5721,281,6976,7315,339,-1594
Savaştepe,"92,16","89,49","-2,67",13704,13714,10,7053,7334,281,4496,4689,193,2645
Domaniç,"91,02","88,67","-2,35",11901,11906,5,6872,7152,280,2913,3169,256,3983
Altınova,"89,99","86,96","-3,03",22515,22529,14,10762,11041,279,7828,8247,419,2794
Şiran,"75,21","73,96","-1,25",14016,14027,11,7561,7840,279,2203,2361,158,5479
Ayancık,"85,36","83,38","-1,98",19656,19667,11,9849,10127,278,5595,6043,448,4084
Darende,"86,35","85,33","-1,02",18956,18969,13,12903,13181,278,2685,2828,143,10353
Gelibolu,"89,30","86,58","-2,72",34834,34846,12,10235,10511,276,18802,19296,494,-8785
Siirt,"85,21","80,15","-5,06",106632,106769,137,34682,34958,276,51235,48660,-2575,-13702
İhsaniye,"94,14","91,40","-2,74",20232,20252,20,14324,14599,275,3234,3521,287,11078
Sarıveliler,"86,28","83,90","-2,38",8875,8881,6,3561,3836,275,3217,3389,172,447
Hilvan,"82,59","75,99","-6,60",26452,26481,29,11097,11372,275,9789,8470,-1319,2902
Söğütlü,"92,51","89,90","-2,61",11817,11827,10,6738,7012,274,3156,3453,297,3559
Gürün,"85,52","83,19","-2,33",13851,13863,12,7666,7940,274,3189,3420,231,4520
Yığılca,"92,34","89,79","-2,55",11380,11385,5,8378,8651,273,1255,1375,120,7276
Köşk,"92,91","89,67","-3,24",21266,21283,17,11902,12174,272,6158,6565,407,5609
Güzelyurt,"84,38","84,99","0,61",7872,7879,7,4765,5037,272,1411,1568,157,3469
Uzunköprü,"90,24","87,93","-2,31",48716,48742,26,13374,13645,271,27846,28646,800,-15001
Kabataş,"87,08","83,91","-3,17",8406,8411,5,5017,5287,270,1558,1630,72,3657
Pazar – Tokat,"93,29","91,67","-1,62",10058,10063,5,7113,7383,270,1653,1721,68,5662
Ulubey – Ordu,"89,57","86,46","-3,11",15123,15129,6,8143,8413,270,4382,4429,47,3984
Keles,"91,36","88,94","-2,42",9708,9711,3,5968,6237,269,2068,2250,182,3987
Çarşıbaşı,"90,01","87,50","-2,51",12340,12352,12,7549,7817,268,2599,2782,183,5035
Çat,"80,85","79,39","-1,46",10798,10810,12,5690,5958,268,2592,2505,-87,3453
Dalaman,"90,89","87,09","-3,80",35771,35806,35,11642,11907,265,18127,18906,779,-6999
Keşap,"88,37","85,55","-2,82",16537,16545,8,8837,9102,265,4623,4818,195,4284
Yakakent,"90,54","88,96","-1,58",7132,7136,4,3751,4016,265,2093,2196,103,1820
Çukurca,"83,57","78,14","-5,43",186358,186493,135,2357,2622,265,5693,5768,75,-3146
Pazar – Rize,"87,27","84,80","-2,47",25756,25768,12,13681,13944,263,7194,7619,425,6325
Bodrum,"88,01","85,27","-2,74",150972,150804,-168,27014,27276,262,99201,100461,1260,-73185
Ladik,"88,97","86,91","-2,06",13306,13313,7,7889,8151,262,3020,3217,197,4934
Hizan,"79,62","75,00","-4,62",20392,20416,24,8201,8463,262,6895,6455,-440,2008
Yenişehir – Diyarbakır,"82,01","76,41","-5,60",141847,142011,164,30220,30482,262,80161,75891,-4270,-45409
Malkara,"91,13","88,43","-2,70",41750,41772,22,15365,15625,260,19726,20824,1098,-5199
Tunceli,"87,26","87,25","-0,01",28962,28976,14,2841,3101,260,21259,21996,737,-18895
Pütürge,"81,52","82,13","0,61",10293,10301,8,6758,7018,260,1326,1363,37,5655
Dikili,"89,82","87,59","-2,23",40403,40423,20,8298,8556,258,26198,26530,332,-17974
Torul,"84,48","82,36","-2,12",8447,8449,2,5065,5323,258,1375,1492,117,3831
Saraydüzü,"86,92","86,77","-0,15",4955,4957,2,3098,3356,258,756,847,91,2509
Hüyük,"89,11","87,66","-1,45",12561,12569,8,6933,7189,256,3379,3589,210,3600
Gündoğmuş,"87,49","85,12","-2,37",6235,6236,1,2624,2880,256,2113,2217,104,663
Bakırköy,"89,57","87,65","-1,92",169334,169150,-184,34781,35034,253,110502,112171,1669,-77137
Hopa,"89,94","87,59","-2,35",21320,21330,10,6766,7019,253,11035,11453,418,-4434
Hayrat,"87,54","88,98","1,44",6589,6591,2,5009,5262,253,536,542,6,4720
Kapaklı,"90,83","87,04","-3,79",98617,98689,72,45682,45934,252,36929,39189,2260,6745
Kulp,"78,56","72,05","-6,51",23021,23047,26,6617,6869,252,10147,9242,-905,-2373
Pozantı,"89,35","86,54","-2,81",15318,15285,-33,7844,8095,251,4728,4959,231,3136
Ayvalık,"89,10","86,56","-2,54",60055,60079,24,14068,14318,250,36431,37197,766,-22879
Ulukisla,"87,69","85,61","-2,08",16084,16093,9,6835,7085,250,6235,6401,166,684
Eskil,"91,67","88,88","-2,79",19056,19080,24,13157,13407,250,3126,3264,138,10143
Almus,"88,51","88,11","-0,40",15514,15524,10,6716,6964,248,6218,6530,312,434
Uludere,"78,41","72,93","-5,48",27080,27123,43,4963,5211,248,15152,14127,-1025,-8916
Solhan,"77,90","74,70","-3,20",23312,23334,22,13578,13825,247,3434,3175,-259,10650
Erfelek,"85,96","84,55","-1,41",10563,10568,5,5077,5323,246,3308,3478,170,1845
Karacasu,"90,21","87,15","-3,06",14356,14363,7,5689,5932,243,5946,6344,398,-412
Sarıoğlan,"86,36","84,67","-1,69",10587,10594,7,5766,6009,243,2609,2822,213,3187
Ardanuç,"87,09","86,13","-0,96",9076,9080,4,2799,3041,242,4513,4652,139,-1611
Çağlayancerit,"85,69","83,72","-1,97",16395,16417,22,8717,8959,242,4443,4563,120,4396
Refahiye,"85,54","85,34","-0,20",8970,8973,3,4966,5207,241,2246,2355,109,2852
Cumayeri,"93,07","91,13","-1,94",11689,11694,5,8258,8498,240,1870,2048,178,6450
Karapürçek,"93,36","90,96","-2,40",9844,9851,7,6809,7048,239,1636,1766,130,5282
Güroymak,"78,38","72,98","-5,40",28952,28996,44,8926,9165,239,12455,11498,-957,-2333
Kangal,"88,38","85,57","-2,81",15782,15796,14,8117,8355,238,4829,4978,149,3377
Harmancık,"90,79","89,22","-1,57",5191,5193,2,2945,3183,238,1184,1333,149,1850
Çiftlik,"82,28","77,62","-4,66",17319,17339,20,7868,8106,238,4962,5073,111,3033
Pınarbaşı – Kastamonu,"85,64","80,70","-4,94",16981,16992,11,8096,8332,236,4811,5201,390,3131
Pınarbaşı – Kayseri,"85,64","80,70","-4,94",16981,16992,11,8096,8332,236,4811,5201,390,3131
Saimbeyli,"83,46","81,54","-1,92",10729,10736,7,6448,6684,236,1728,1910,182,4774
Kumru,"86,35","82,71","-3,64",22044,22056,12,15362,15598,236,2304,2391,87,13207
Keşan,"90,84","88,10","-2,74",65669,65715,46,20157,20392,235,35991,36950,959,-16558
Ahmetli,"91,62","89,20","-2,42",13286,13298,12,6020,6255,235,5157,5418,261,837
Azdavay,"86,67","82,49","-4,18",6137,6140,3,2793,3028,235,1814,1940,126,1088
Şirvan,"80,78","77,80","-2,98",12249,12266,17,6977,7212,235,2338,2154,-184,5058
Ergene,"90,99","87,77","-3,22",50856,50891,35,18023,18257,234,25037,25938,901,-7681
Köyceğiz,"90,16","86,53","-3,63",31151,31171,20,11055,11289,234,14964,15258,294,-3969
Sumbas,"88,26","85,24","-3,02",10504,10518,14,5534,5768,234,2943,3080,137,2688
Saray – Tekirdağ,"92,01","89,66","-2,35",40138,40165,27,11521,11754,233,23014,23913,899,-12159
Gülağaç,"79,63","78,96","-0,67",13606,13618,12,7242,7474,232,2900,3133,233,4341
Bozkurt – Kastamonu,"85,50","84,90","-0,60",7616,7620,4,4642,4874,232,1357,1505,148,3369
Urla,"90,39","88,14","-2,25",59214,59242,28,10535,10766,231,40474,41078,604,-30312
Kaman,"82,86","79,03","-3,83",26554,26576,22,11918,12148,230,8083,8554,471,3594
Söğüt,"92,35","89,32","-3,03",14245,14256,11,7253,7482,229,4512,5057,545,2425
Gümüşhacıköy,"93,18","92,27","-0,91",18246,18259,13,7026,7255,229,9120,9374,254,-2119
Gelendost,"86,77","83,74","-3,03",11842,11852,10,5110,5339,229,4166,4388,222,951
Güneysu,"93,41","92,47","-0,94",11899,11894,-5,9289,9518,229,1164,1340,176,8178
Köprübaşı – Manisa,"91,73","88,63","-3,10",10581,10587,6,5065,5293,228,3688,3866,178,1427
Foça,"88,77","85,84","-2,93",27728,27743,15,5852,6079,227,16931,17523,592,-11444
Hasköy,"86,59","87,66","1,07",15401,15428,27,10389,10615,226,2548,2731,183,7884
Tefenni,"87,90","84,68","-3,22",8491,8494,3,3529,3752,223,3072,3295,223,457
Toprakkale,"91,00","91,52","0,52",12463,11962,-501,6209,6432,223,4266,4373,107,2059
Hayrabolu,"91,30","88,77","-2,53",24645,24661,16,8451,8672,221,12609,12942,333,-4270
Alucra,"80,24","80,04","-0,20",6766,6768,2,4444,4665,221,578,661,83,4004
Altıntaş,"89,58","86,84","-2,74",12120,12129,9,7577,7796,219,2360,2553,193,5243
Mutki,"79,43","76,68","-2,75",17909,17927,18,10460,10679,219,3011,2777,-234,7902
Sultanhisar,"91,44","88,56","-2,88",15486,15503,17,5846,6064,218,7071,7428,357,-1364
Sarayköy,"92,53","89,24","-3,29",23736,23755,19,7357,7574,217,12845,13346,501,-5772
Hocalar,"87,85","85,96","-1,89",6979,6981,2,4438,4655,217,1147,1212,65,3443
Ağlasun,"92,29","90,10","-2,19",6197,6203,6,3630,3847,217,1553,1580,27,2267
Kırklareli,"90,01","87,16","-2,85",80205,80111,-94,24287,24502,215,43029,44566,1537,-20064
Yeşilhisar,"91,00","88,50","-2,50",12285,12292,7,6877,7092,215,3446,3634,188,3458
Çıldır,"80,97","77,70","-3,27",6717,6722,5,2465,2680,215,2322,2464,142,216
Balçova,"90,93","88,61","-2,32",61315,61342,27,11811,12024,213,41244,41963,719,-29939
Gümüşova,"92,88","90,64","-2,24",13076,13085,9,8623,8836,213,2583,2897,314,5939
Bahçesaray,"77,44","74,83","-2,61",8063,8081,18,3327,3540,213,2302,2322,20,1218
Kalecik,"91,46","89,11","-2,35",10341,10349,8,5981,6193,212,2671,2870,199,3323
Cihanbeyli,"76,20","71,74","-4,46",37648,37690,42,14614,14826,212,12607,11865,-742,2961
Başmakçı,"92,46","89,20","-3,26",7494,7498,4,3812,4023,211,2430,2529,99,1494
İkizce,"88,44","85,39","-3,05",10712,10720,8,6792,7002,210,1939,1988,49,5014
Tutak,"73,83","66,82","-7,01",16931,16959,28,4415,4625,210,7321,6471,-850,-1846
Çamardı,"83,78","81,27","-2,51",9252,9261,9,5351,5560,209,1784,1836,52,3724
Kozaklı,"88,19","85,42","-2,77",10512,10518,6,4904,5112,208,3647,3703,56,1409
Selim,"80,49","74,95","-5,54",14685,14706,21,5622,5830,208,5372,5002,-370,828
Ula,"91,51","88,71","-2,80",22176,22183,7,6699,6906,207,12076,12459,383,-5553
Didim,"85,60","82,83","-2,77",76177,76223,46,16788,16994,206,45105,45638,533,-28644
Eynesil,"85,70","84,25","-1,45",10471,10480,9,5487,5693,206,2906,2958,52,2735
Göle,"78,76","74,37","-4,39",17241,17261,20,5775,5981,206,6953,6635,-318,-654
Tufanbeyli,"87,15","86,26","-0,89",12827,12836,9,6793,6998,205,3528,3868,340,3130
Eskipazar,"88,55","85,12","-3,43",10403,10406,3,6523,6726,203,1766,1940,174,4786
Hınıs,"77,48","73,12","-4,36",16312,16334,22,5034,5237,203,6779,6381,-398,-1144
Birecik,"78,42","73,87","-4,55",56776,56850,74,23866,24069,203,18423,17418,-1005,6651
Narlıdere,"91,58","89,89","-1,69",50010,50039,29,6504,6706,202,37569,37987,418,-31281
Hacılar,"95,38","93,63","-1,75",9545,9555,10,7001,7203,202,1359,1611,252,5592
Çekerek,"90,49","88,81","-1,68",14152,14170,18,9648,9850,202,2428,2544,116,7306
Pazaryeri,"91,43","88,32","-3,11",7936,7937,1,4039,4239,200,2372,2647,275,1592
Hadim,"88,44","86,13","-2,31",8744,8748,4,5153,5353,200,1935,1994,59,3359
Beydağ,"91,39","89,50","-1,89",9875,9882,7,3055,3254,199,5029,5365,336,-2111
Arsin,"88,66","85,58","-3,08",23350,23358,8,16125,16324,199,3302,3505,203,12819
Hekimhan,"89,05","88,48","-0,57",12975,12980,5,4880,5078,198,6175,6263,88,-1185
Çavdır,"88,41","83,64","-4,77",10110,10112,2,4660,4858,198,3361,3434,73,1424
Şenkaya,"81,05","78,29","-2,76",12764,12775,11,5666,5863,197,4035,3996,-39,1867
Ayaş,"93,24","90,89","-2,35",10009,10012,3,5066,5262,196,3488,3672,184,1590
Acıgöl,"91,31","89,79","-1,52",14023,14033,10,10855,11051,196,1190,1321,131,9730
Bayat – Çorum,"88,58","86,17","-2,41",11834,11844,10,7852,8048,196,1895,1967,72,6081
Çüngüş,"77,01","73,38","-3,63",7483,7488,5,3103,3298,195,2146,2015,-131,1283
Arhavi,"88,75","86,81","-1,94",16901,16915,14,7780,7974,194,6144,6518,374,1456
Gönen – Isparta,"92,93","89,94","-2,99",5633,5637,4,2339,2533,194,2448,2458,10,75
Samandağ,"84,05","86,39","2,34",84206,84308,102,5244,5437,193,64383,67114,2731,-61677
Eflani,"89,59","86,51","-3,08",182049,182053,4,4349,4542,193,1189,1306,117,3236
Kozluk,"84,47","79,87","-4,60",37483,37518,35,10577,10769,192,18585,19587,1002,-8818
Babaeski,"91,03","88,71","-2,32",38671,38692,21,8577,8769,192,24805,25267,462,-16498
Serinhisar,"93,81","91,91","-1,90",11284,11286,2,5327,5519,192,4214,4631,417,888
Sütçüler,"88,86","86,38","-2,48",8220,8225,5,5465,5657,192,1198,1321,123,4336
İyidere,"89,16","88,89","-0,27",6981,6985,4,5097,5288,191,800,852,52,4436
Beytüşşebap,"79,89","75,78","-4,11",11337,11351,14,2725,2916,191,5748,5492,-256,-2576
Bayat – Afyonkarahisar,"89,60","86,70","-2,90",5701,5705,4,3102,3292,190,1434,1520,86,1772
Diyadin,"68,60","60,32","-8,28",22975,23011,36,3315,3505,190,11115,10122,-993,-6617
Olur,"82,95","81,98","-0,97",5397,5401,4,3359,3548,189,750,804,54,2744
Kurşunlu,"87,87","87,20","-0,67",6826,6827,1,4424,4612,188,1115,1254,139,3358
Doğankent,"88,20","85,79","-2,41",5036,5037,1,2985,3173,188,1026,1037,11,2136
Pazarlar,"90,18","89,32","-0,86",4012,4015,3,2517,2705,188,805,805,0,1900
Yenipazar – Aydın,"92,00","89,54","-2,46",9721,9724,3,4283,4470,187,3924,4094,170,376
Arpaçay,"78,52","74,64","-3,88",11206,11220,14,3934,4121,187,4018,4122,104,-1
Gevaş,"81,04","76,31","-4,73",18200,18220,20,6999,7185,186,6767,6374,-393,811
Sultanbeyli,"90,72","87,42","-3,30",244661,244888,227,141816,142000,184,66492,69523,3031,72477
Kuşadası,"86,61","83,41","-3,20",100825,100883,58,22691,22875,184,59730,60672,942,-37797
Yerköy,"88,25","84,26","-3,99",26532,26548,16,15344,15527,183,6161,6526,365,9001
Lice,"83,59","79,21","-4,38",17836,17855,19,1844,2027,183,12106,11852,-254,-9825
Çardak,"91,13","88,99","-2,14",6744,6747,3,2525,2707,182,2999,3171,172,-464
Kavaklıdere,"94,21","91,78","-2,43",8499,8505,6,4390,4568,178,2821,3028,207,1540
Altınekin,"93,79","92,45","-1,34",10259,10265,6,7777,7955,178,1265,1386,121,6569
Üzümlü,"86,90","85,77","-1,13",10371,10378,7,5467,5645,178,3016,3128,112,2517
Buharkent,"91,34","88,41","-2,93",10017,10023,6,3817,3994,177,4469,4730,261,-736
Doğanyurt,"80,00","78,46","-1,54",4534,4536,2,2728,2904,176,471,566,95,2338
Kocaköy,"84,59","79,35","-5,24",9861,9876,15,1206,1382,176,6690,6261,-429,-4879
Ayvacik,"87,32","84,18","-3,14",14725,14735,10,10522,10697,175,1492,1545,53,9152
Özalp,"71,40","65,29","-6,11",35797,35862,65,4314,4489,175,19594,18430,-1164,-13941
Silvan,"83,60","78,47","-5,13",54318,54406,88,8724,8899,175,34342,32653,-1689,-23754
Yunak,"80,04","76,70","-3,34",15980,15997,17,8869,9043,174,2926,2972,46,6071
Palu,"84,27","82,54","-1,73",13354,13365,11,9450,9623,173,1209,1178,-31,8445
Erdek,"88,74","86,30","-2,44",26792,26804,12,7734,7906,172,14736,15002,266,-7096
Çiçekdağı,"89,21","86,64","-2,57",10931,10947,16,6582,6754,172,2458,2601,143,4153
Güneysınır,"92,72","91,88","-0,84",6894,6900,6,5418,5590,172,624,652,28,4938
Piraziz,"90,14","87,91","-2,23",11383,11386,3,5895,6066,171,3642,3802,160,2264
Güney,"92,55","90,20","-2,35",7908,7911,3,3056,3227,171,3616,3735,119,-508
Eruh,"84,84","80,19","-4,65",11004,11020,16,2889,3060,171,5684,5473,-211,-2413
Ulubey – Uşak,"91,43","88,72","-2,71",10185,10190,5,3712,3881,169,4810,4972,162,-1091
Ağaçören,"84,97","82,38","-2,59",6076,6079,3,3858,4027,169,837,872,35,3155
Kilimli,"88,64","85,33","-3,31",26211,26231,20,11028,11196,168,10395,10844,449,352
Arnavutköy,"90,42","86,82","-3,60",219879,220113,234,120056,120223,167,65011,68556,3545,51667
Akyaka,"77,32","72,52","-4,80",7236,7242,6,2291,2458,167,2590,2718,128,-260
Dodurga,"90,26","88,71","-1,55",4560,4562,2,2209,2376,167,1476,1571,95,805
Şenpazar,"82,38","81,59","-0,79",3638,3639,1,2019,2184,165,643,700,57,1484
Çatak,"81,41","76,43","-4,98",11957,11975,18,3262,3427,165,5702,5488,-214,-2061
Şişli,"87,82","85,52","-2,30",203098,203195,97,49410,49574,164,121103,122972,1869,-73398
Gölmarmara,"92,72","89,89","-2,83",11683,11688,5,4281,4445,164,5801,5899,98,-1454
Baskil,"91,13","89,50","-1,63",9966,9973,7,7227,7391,164,1424,1433,9,5958
Taraklı,"94,14","92,89","-1,25",5338,5341,3,3751,3914,163,843,933,90,2981
Akkışla,"85,35","82,81","-2,54",4811,4812,1,2083,2245,162,1558,1642,84,603
Karahallı,"89,58","87,29","-2,29",8169,8174,5,3571,3733,162,3128,3212,84,521
Mengen,"86,69","83,44","-3,25",11420,11424,4,5588,5749,161,3448,3613,165,2136
Çamlıyayla,"90,85","87,97","-2,88",7095,7097,2,3513,3674,161,2344,2469,125,1205
Beyoğlu,"88,26","85,67","-2,59",167821,167929,108,70844,71004,160,69073,71508,2435,-504
Çobanlar,"93,87","90,53","-3,34",9488,9499,11,5696,5855,159,2342,2582,240,3273
Çavdarhisar,"87,77","85,82","-1,95",5062,5063,1,2788,2945,157,1185,1282,97,1663
Çeltikçi,"91,60","89,84","-1,76",4226,4228,2,2338,2494,156,1133,1205,72,1289
Oğuzlar,"93,42","91,99","-1,43",4167,4169,2,2500,2656,156,1067,1102,35,1554
Ekinözü,"85,81","84,10","-1,71",7492,7499,7,4023,4179,156,1968,2000,32,2179
Kabadüz,"89,22","86,55","-2,67",6029,6030,1,3622,3778,156,1330,1349,19,2429
Çayıralan,"73,20","72,26","-0,94",9297,9305,8,4346,4501,155,2007,2113,106,2388
Derebucak,"79,11","78,29","-0,82",4706,4708,2,2414,2569,155,951,1027,76,1542
Çamlıhemşin,"86,37","85,45","-0,92",5979,5980,1,3581,3736,155,1267,1306,39,2430
Baklan,"93,47","91,02","-2,45",4383,4388,5,1873,2028,155,1850,1870,20,158
Eğil,"73,92","67,14","-6,78",14232,14249,17,3713,3868,155,5871,5297,-574,-1429
Germencik,"91,98","88,37","-3,61",33056,33076,20,11687,11841,154,16543,16996,453,-5155
Akpınar,"85,46","83,00","-2,46",5928,5930,2,2921,3074,153,1766,1762,-4,1312
Karpuzlu,"91,64","88,44","-3,20",8788,8791,3,4594,4744,150,2723,2861,138,1883
Yumurtalık,"89,99","87,91","-2,08",13769,13775,6,6351,6499,148,5273,5462,189,1037
Akseki,"86,00","83,90","-2,10",9129,9132,3,4275,4423,148,2916,3079,163,1344
İpsala,"90,74","88,07","-2,67",21255,21271,16,7201,7348,147,10704,11127,423,-3779
Hanak,"85,49","84,61","-0,88",6397,6402,5,1630,1777,147,3418,3544,126,-1767
Küre,"85,05","82,93","-2,12",4333,4335,2,2394,2541,147,857,976,119,1565
Karamanlı,"89,77","87,44","-2,33",6588,6592,4,2529,2675,146,2863,3002,139,-327
Çaykara,"86,67","84,86","-1,81",11036,11040,4,7005,7150,145,1848,2007,159,5143
Düzköy,"86,69","84,03","-2,66",10636,10644,8,5790,5935,145,2764,2866,102,3069
Kadışehri,"89,12","87,83","-1,29",7474,7483,9,5473,5618,145,846,849,3,4769
Devrekani,"87,85","84,63","-3,22",10126,10136,10,6331,6474,143,1788,1982,194,4492
Mecitözü,"92,79","91,11","-1,68",11846,11851,5,6034,6176,142,4481,4505,24,1671
Manyas,"91,21","88,86","-2,35",15159,15164,5,5980,6121,141,6820,7172,352,-1051
Çifteler,"87,03","83,15","-3,88",11442,11444,2,5415,5556,141,3557,3810,253,1746
Gölpazarı,"88,96","86,68","-2,28",7580,7581,1,3618,3759,141,2587,2691,104,1068
Eldivan,"88,51","85,93","-2,58",5211,5215,4,3224,3365,141,945,1015,70,2350
Karkamış,"91,52","89,57","-1,95",7095,7098,3,3593,3734,141,2505,2525,20,1209
Dazkırı,"92,69","90,38","-2,31",8786,8794,8,4759,4899,140,2638,2910,272,1989
Hacıbektaş,"90,19","88,63","-1,56",8825,8829,4,2374,2514,140,5198,5239,41,-2725
Beyağaç,"93,03","90,01","-3,02",5090,5094,4,2367,2504,137,1879,1969,90,535
Kurucaşile,"85,56","83,58","-1,98",5409,5414,5,2382,2519,137,1827,1910,83,609
Kızılcahamam,"90,61","87,62","-2,99",22835,22851,16,13834,13970,136,5308,5669,361,8301
Güzelbahçe,"91,41","89,30","-2,11",28577,28595,18,4477,4613,136,20471,20761,290,-16148
Uzundere,"87,92","84,98","-2,94",6234,6238,4,4235,4371,136,743,827,84,3544
Aksu – Isparta,"86,84","85,18","-1,66",3480,3481,1,1614,1750,136,1107,1113,6,637
Musabeyli,"90,47","87,10","-3,37",8345,8355,10,5686,5822,136,1382,1386,4,4436
Çınarcık,"85,13","82,00","-3,13",28110,28126,16,10407,10542,135,11851,12252,401,-1710
Gökçeada,"84,40","81,30","-3,10",7764,7768,4,2336,2470,134,3693,3776,83,-1306
Bozkurt – Denizli,"91,39","88,46","-2,93",8569,8576,7,3254,3387,133,3851,4056,205,-669
Bekilli,"89,60","88,62","-0,98",5518,5518,0,1791,1924,133,2736,2869,133,-945
Göynücek,"92,04","91,06","-0,98",7950,7955,5,4744,4877,133,2150,2262,112,2615
Posof,"84,81","83,73","-1,08",5081,5082,1,2625,2758,133,1310,1408,98,1350
Korkut,"77,24","71,67","-5,57",14108,14126,18,2960,3093,133,7436,6774,-662,-3681
Arapgir,"86,21","83,87","-2,34",8165,8169,4,3734,3866,132,2879,2903,24,963
Şarköy,"87,90","85,49","-2,41",28231,28257,26,8413,8544,131,14947,15307,360,-6763
Güdül,"88,78","86,45","-2,33",7203,7204,1,4073,4202,129,1793,1920,127,2282
Doğubayazıt,"73,43","67,58","-5,85",70487,70454,-33,8228,8357,129,40794,38590,-2204,-30233
Çelikhan,"89,72","88,51","-1,21",10320,10330,10,5564,5692,128,3328,3266,-62,2426
Gercüş,"81,66","76,66","-5,00",13291,13307,16,5228,5355,127,4573,4909,336,446
Beylikova,"89,64","86,21","-3,43",4882,4886,4,2026,2153,127,1881,1966,85,187
Arıcak,"76,94","73,76","-3,18",9517,9524,7,5069,5196,127,1682,1564,-118,3632
Şaphane,"91,15","88,28","-2,87",4733,4737,4,2753,2879,126,1098,1185,87,1694
Varto,"77,07","74,33","-2,74",20505,20523,18,1484,1610,126,13704,13322,-382,-11712
Artuklu,"86,54","83,03","-3,51",118625,118554,-71,49807,49933,126,48128,46883,-1245,3050
Aydıntepe,"85,91","84,47","-1,44",4877,4881,4,3152,3277,125,712,765,53,2512
Kale – Malatya,"90,41","90,92","0,51",4600,4601,1,3609,3734,125,450,422,-28,3312
Dargeçit,"78,31","72,47","-5,84",17384,17397,13,3761,3886,125,8895,8345,-550,-4459
Atabey,"92,56","90,19","-2,37",4667,4668,1,2207,2331,124,1655,1812,157,519
Altınyayla – Burdur,"89,08","85,75","-3,33",4284,4288,4,2579,2703,124,803,864,61,1839
Maden,"82,83","80,42","-2,41",7554,7558,4,3849,3972,123,1998,1975,-23,1997
Gürgentepe,"89,45","86,70","-2,75",10835,10840,5,4735,4856,121,4333,4372,39,484
Tillo,"90,04","90,31","0,27",2682,2693,11,1871,1991,120,467,412,-55,1579
Güçlükonak,"84,09","78,11","-5,98",6895,6908,13,1468,1588,120,3860,3661,-199,-2073
Çeşme,"87,59","84,62","-2,97",39449,39468,19,8258,8377,119,24547,24794,247,-16417
Kızılırmak,"89,70","87,75","-1,95",5866,5870,4,4257,4376,119,657,711,54,3665
Dikmen,"84,11","82,01","-2,10",4167,4170,3,2558,2677,119,606,660,54,2017
Pınarhisar,"92,03","89,91","-2,12",14488,14483,-5,4507,4624,117,8038,8242,204,-3618
Saray – Van,"73,14","67,18","-5,96",11790,11804,14,2075,2192,117,5981,5554,-427,-3362
Evciler,"90,54","88,66","-1,88",5594,5598,4,2804,2920,116,1882,1949,67,971
Çanakçı,"87,60","85,11","-2,49",4945,4948,3,3109,3224,115,864,886,22,2338
Akçadağ,"87,06","86,65","-0,41",20881,20550,-331,10407,10521,114,7043,7086,43,3435
Uğurludağ,"90,86","89,29","-1,57",5033,5041,8,3554,3668,114,747,753,6,2915
Asarcık,"85,59","82,50","-3,09",11803,11811,8,8201,8314,113,1193,1273,80,7041
Sarız,"84,06","80,47","-3,59",7981,7984,3,3553,3666,113,2605,2680,75,986
Muradiye,"72,06","62,18","-9,88",27480,27518,38,5831,5944,113,12740,10796,-1944,-4852
Ayrancı,"88,60","84,98","-3,62",6236,6238,2,3147,3259,112,1826,1953,127,1306
Yazıhan,"89,13","86,73","-2,40",9288,9293,5,5177,5289,112,2821,2703,-118,2586
Adaklı,"79,46","78,51","-0,95",6036,6041,5,2849,2960,111,1561,1653,92,1307
Gülyalı,"91,14","88,55","-2,59",7334,7336,2,3334,3444,110,2931,2968,37,476
Gölova,"78,62","80,20","1,58",2736,2738,2,1727,1837,110,322,342,20,1495
Yeniçağa,"89,14","87,32","-1,82",5541,5544,3,3880,3989,109,736,792,56,3197
Kiğı,"80,52","78,63","-1,89",3747,3748,1,1062,1169,107,1652,1713,61,-544
Sarıyahşi,"72,05","70,26","-1,79",3714,3715,1,1727,1834,107,703,710,7,1124
Demirözü,"90,80","90,97","0,17",5824,5827,3,4547,4653,106,588,593,5,4060
Çeltik,"82,65","80,25","-2,40",7238,7241,3,3992,4097,105,1556,1610,54,2487
Delice,"89,38","87,21","-2,17",7329,7318,-11,4059,4164,105,2076,2129,53,2035
Yapraklı,"87,02","84,98","-2,04",6535,6537,2,4843,4948,105,495,530,35,4418
Keskin,"87,66","85,38","-2,28",11581,11369,-212,6747,6852,105,2716,2680,-36,4172
İkizdere,"82,79","82,23","-0,56",5443,5443,0,3807,3911,104,462,517,55,3394
Felahiye,"78,41","77,12","-1,29",4530,4532,2,2131,2235,104,1133,1181,48,1054
Eleşkirt,"68,92","65,42","-3,50",19536,19568,32,7673,7777,104,4795,4676,-119,3101
Sulusaray,"90,48","89,35","-1,13",4791,4797,6,3540,3643,103,522,562,40,3081
Ulaş,"91,90","89,20","-2,70",6370,6378,8,4171,4274,103,1299,1335,36,2939
Ilıç,"89,94","87,84","-2,10",6826,6827,1,4137,4240,103,1643,1641,-2,2599
Taşlıçay,"76,74","68,31","-8,43",11465,11482,17,2284,2387,103,5954,5292,-662,-2905
Edremit – Van,"83,17","77,27","-5,90",82452,82548,96,22956,23059,103,41798,39585,-2213,-16526
Karaburun,"89,58","88,05","-1,53",10610,10613,3,2324,2426,102,6701,6831,130,-4405
Divriği,"91,29","90,92","-0,37",13283,13287,4,3440,3541,101,8212,8394,182,-4853
Tuzlukçu,"86,11","84,27","-1,84",5076,5081,5,2420,2521,101,1573,1680,107,841
Taşkent,"88,74","86,65","-2,09",4431,4433,2,2522,2623,101,1082,1099,17,1524
Derepazarı,"89,99","88,75","-1,24",5562,5566,4,3999,4099,100,734,776,42,3323
Derinkuyu,"89,84","87,36","-2,48",15208,15225,17,8866,8965,99,4000,4148,148,4817
Murgul,"88,08","85,83","-2,25",4657,4658,1,1881,1980,99,1796,1922,126,58
Aslanapa,"94,55","92,20","-2,35",6880,6884,4,5270,5369,99,742,817,75,4552
Gerger,"77,19","76,21","-0,98",10685,10700,15,6914,7013,99,1037,1037,0,5976
Kumlu,"83,54","82,07","-1,47",9278,9288,10,5535,5632,97,1772,1887,115,3745
Çamlıdere,"87,85","86,97","-0,88",7402,7405,3,4997,5094,97,1153,1232,79,3862
Yeşilyurt – Tokat,"88,31","87,08","-1,23",6150,6155,5,4108,4205,97,1007,1063,56,3142
Özvatan,"86,69","84,44","-2,25",3276,3278,2,1954,2051,97,619,664,45,1387
Köse,"81,51","80,94","-0,57",4647,4649,2,3228,3325,97,343,360,17,2965
Sincik,"93,33","90,82","-2,51",10973,10982,9,9256,9353,97,570,534,-36,8819
Defne,"81,95","80,13","-1,82",109414,109505,91,7461,7558,97,80229,79770,-459,-72212
İmamoğlu,"89,69","87,50","-2,19",20211,20222,11,11636,11732,96,5165,5638,473,6094
Datça,"89,27","86,56","-2,71",21028,21037,9,4188,4284,96,13583,13767,184,-9483
Doğanşar,"85,45","86,85","1,40",2303,2304,1,1727,1823,96,130,145,15,1678
Hanönü,"87,38","84,29","-3,09",3550,3552,2,1882,1977,95,868,963,95,1014
Uluborlu,"90,06","86,75","-3,31",4476,4482,6,2038,2133,95,1581,1675,94,458
Seben,"88,76","86,22","-2,54",3996,3998,2,2028,2123,95,1176,1261,85,862
Pazaryolu,"84,51","84,71","0,20",3072,3073,1,2218,2313,95,220,260,40,2053
Balışeyh,"91,27","87,85","-3,42",4891,4896,5,2613,2708,95,1519,1546,27,1162
Atkaracalar,"85,49","84,82","-0,67",3287,3288,1,2117,2212,95,490,516,26,1696
Laçin,"91,44","90,04","-1,40",3494,3495,1,2148,2243,95,821,839,18,1404
Güngören,"90,07","87,05","-3,02",200566,200709,143,93345,93439,94,75647,79429,3782,14010
Şefaatli,"87,50","84,27","-3,23",11254,11267,13,6364,6458,94,2707,2888,181,3570
Artova,"93,40","92,65","-0,75",5822,5826,4,3713,3807,94,1435,1514,79,2293
Altunhisar,"82,70","79,89","-2,81",8611,8616,5,5280,5373,93,1308,1396,88,3977
Beşiri,"85,86","82,75","-3,11",19185,18815,-370,5365,5457,92,9665,10222,557,-4765
Güce,"89,57","87,08","-2,49",6302,6309,7,4241,4332,91,1071,1076,5,3256
Susuz,"79,75","76,73","-3,02",6618,6626,8,1643,1734,91,3280,3264,-16,-1530
Çatalzeytin,"82,96","81,58","-1,38",5776,5776,0,3390,3480,90,1060,1141,81,2339
Korgun,"88,86","87,66","-1,20",3330,3331,1,2405,2495,90,313,370,57,2125
Kuluncak,"88,15","87,59","-0,56",5812,5818,6,3288,3377,89,1593,1659,66,1718
Kemalpaşa – Artvin,"91,49","89,93","-1,56",7211,7211,0,1907,1994,87,4291,4421,130,-2427
İhsangazi,"90,04","86,48","-3,56",4346,4348,2,2938,3025,87,583,666,83,2359
Demirköy,"89,44","86,01","-3,43",7272,7276,4,2903,2990,87,3132,3167,35,-177
Tut,"85,82","83,82","-2,00",6744,6748,4,3661,3747,86,1748,1799,51,1948
Başyayla,"86,46","84,34","-2,12",2636,2637,1,1631,1717,86,411,447,36,1270
Köprübaşı – Trabzon,"84,28","82,71","-1,57",3747,3747,0,2573,2659,86,406,398,-8,2261
Çatalpınar,"89,05","86,35","-2,70",10109,10112,3,7521,7606,85,975,1031,56,6575
Mihalgazi,"93,08","91,96","-1,12",2586,2587,1,1453,1538,85,761,790,29,748
Doğanyol,"82,80","81,19","-1,61",3040,3041,1,1910,1995,85,438,424,-14,1571
Bingöl,"79,87","75,17","-4,70",114157,114252,95,56864,56949,85,27998,26642,-1356,30307
Selçuk,"90,56","87,89","-2,67",30071,30090,19,8329,8413,84,17115,17748,633,-9335
Kemah,"89,62","88,57","-1,05",5407,5408,1,2810,2894,84,1749,1819,70,1075
Dörtdivan,"90,21","88,51","-1,70",5639,5642,3,4363,4446,83,457,485,28,3961
Tercan,"87,59","85,81","-1,78",11363,11375,12,5618,5701,83,3801,3924,-5877,1777
Muratlı,"91,64","89,05","-2,59",23743,23753,10,6905,6987,82,13518,13985,467,-6998
Ahırlı,"88,61","86,42","-2,19",3713,3720,7,2260,2342,82,721,787,66,1555
Kazımkarabekir,"91,23","89,08","-2,15",3239,3241,2,1996,2077,81,663,770,107,1307
Çamoluk,"83,45","83,29","-0,16",5046,5046,0,3600,3680,80,420,476,56,3204
Ovacık – Karabük,"88,47","85,72","-2,75",3347,3347,0,1935,2015,80,743,786,43,1229
Kemer – Burdur,"90,39","88,17","-2,22",2507,2510,3,1435,1515,80,614,654,40,861
Derbent,"93,43","92,70","-0,73",3366,3369,3,2149,2228,79,778,822,44,1406
Polateli,"91,70","88,97","-2,73",3315,3317,2,2239,2318,79,613,591,-22,1727
Adilcevaz,"75,71","68,61","-7,10",18292,18310,18,5800,5879,79,7146,6414,-732,-535
Mahmudiye,"89,68","87,33","-2,35",5861,5862,1,2378,2456,78,2430,2553,123,-97
Hasanbeyli,"90,18","87,92","-2,26",3871,3874,3,2226,2303,77,1001,1042,41,1261
Yedisu,"88,25","90,24","1,99",2264,2265,1,543,620,77,1341,1382,41,-762
Bahşılı,"89,00","84,93","-4,07",203290,203153,-137,3326,3402,76,1315,1382,67,2020
İnönü,"93,84","91,57","-2,27",5230,5230,0,2923,2998,75,1580,1720,140,1278
Fındıklı,"88,69","86,67","-2,02",13243,13253,10,5697,5771,74,5330,5540,210,231
Nurhak,"76,51","74,88","-1,63",8579,8583,4,2187,2260,73,3811,4061,250,-1801
Sason,"78,30","75,13","-3,17",18890,18918,28,8539,8612,73,5276,5341,65,3271
Çemişgezek,"87,36","85,21","-2,15",5801,5804,3,2513,2586,73,2267,2299,32,287
Keban,"90,98","89,41","-1,57",4969,4975,6,3135,3207,72,1129,1173,44,2034
Kıbrıscık,"88,92","86,38","-2,54",2546,2548,2,1028,1100,72,1025,1064,39,36
Kemaliye,"83,18","82,08","-1,10",3697,3699,2,2032,2103,71,850,874,24,1229
İbradi,"88,19","87,87","-0,32",2464,2465,1,978,1048,70,1038,1073,35,-25
Aydıncık – Yozgat,"91,60","89,65","-1,95",7657,7662,5,5388,5457,69,1275,1322,47,4135
Daday,"89,03","84,85","-4,18",6931,6932,1,3539,3607,68,2059,2180,121,1427
Abana,"86,63","85,73","-0,90",3455,3455,0,1819,1887,68,968,1024,56,863
Boğazkale,"89,25","88,37","-0,88",3043,3044,1,2101,2169,68,461,490,29,1679
Sivrice,"86,95","83,55","-3,40",5962,5964,2,3822,3890,68,1069,1014,-55,2876
Akıncılar,"85,40","84,46","-0,94",4124,4125,1,2633,2698,65,695,750,55,1948
Pehlivanköy,"89,50","88,52","-0,98",3049,3050,1,738,803,65,1831,1860,29,-1057
Elbeyli,"88,85","85,74","-3,11",97198,97046,-152,2702,2766,64,1161,1290,129,1476
Yenipazar – Bilecik,"91,55","89,62","-1,93",2474,2475,1,1352,1416,64,719,759,40,657
Dernekpazarı,"87,24","87,48","0,24",3228,3228,0,2269,2333,64,380,419,39,1914
Karakeçili,"93,64","90,59","-3,05",2357,2358,1,1649,1712,63,357,388,31,1324
Hozat,"87,43","88,29","0,86",4360,4363,3,451,513,62,3139,3308,169,-2795
Termal,"89,19","86,48","-2,71",4532,4533,1,2385,2447,62,1289,1402,113,1045
Altınyayla – Sivas,"87,28","85,37","-1,91",6424,6427,3,4559,4621,62,755,793,38,3828
Vize,"90,10","87,59","-2,51",23945,23945,0,6944,7005,61,13176,13769,593,-6764
Lalapaşa,"93,02","89,78","-3,24",5284,5286,2,2148,2209,61,2394,2473,79,-264
Hemşin,"83,13","82,94","-0,19",2163,2163,0,1087,1148,61,588,610,22,538
Ağlı,"86,96","84,82","-2,14",2554,2556,2,1630,1690,60,372,436,64,1254
Tatvan,"84,28","78,61","-5,67",64613,64680,67,20955,21015,60,30201,28664,-1537,-7649
Hasankeyf,"83,86","79,18","-4,68",5142,5150,8,1904,1963,59,1956,2088,132,-125
Haymana,"82,15","78,70","-3,45",21158,21171,13,10855,10914,59,5417,5473,56,5441
İmranlı,"86,04","86,63","0,59",5946,5946,0,1771,1828,57,3152,3272,120,-1444
Sultanhanı,"91,79","89,44","-2,35",8087,8093,6,5091,5147,56,1872,1979,107,3168
Eceabat,"91,12","88,85","-2,27",7387,7393,6,1615,1671,56,4751,4842,91,-3171
Kızılören,"86,90","84,62","-2,28",1847,1847,0,881,937,56,528,580,52,357
Ovacık – Tunceli,"86,15","87,57","1,42",5591,5592,1,416,471,55,4190,4388,198,-3917
Başçiftlik,"79,68","78,25","-1,43",3563,3563,0,1908,1963,55,740,761,21,1202
Akören,"90,69","88,48","-2,21",4253,4254,1,2952,3006,54,586,685,99,2321
Seydiler,"88,70","86,20","-2,50",3576,3579,3,2185,2239,54,714,803,89,1436
Gömeç,"90,86","87,63","-3,23",13613,13625,12,4192,4245,53,7338,7549,211,-3304
Hafik,"91,09","90,77","-0,32",7164,7171,7,3877,3930,53,2337,2489,152,1441
Çelebi,"87,04","82,52","-4,52",2037,2037,0,1145,1198,53,459,472,13,726
Sulakyurt,"89,45","87,19","-2,26",5232,5237,5,2639,2691,52,1792,1829,37,862
Ömerli,"82,25","79,50","-2,75",9173,9186,13,4048,4100,52,3034,3014,-20,1086
Marmaraereğlisi,"88,60","85,55","-3,05",23934,23947,13,7380,7431,51,12617,12901,284,-5470
Meriç,"88,94","86,53","-2,41",11155,11160,5,3898,3949,51,5373,5547,174,-1598
Ortaköy – Çorum,"91,16","88,82","-2,34",5183,5186,3,2568,2619,51,1911,1914,3,705
Babadağ,"93,01","88,83","-4,18",5019,5021,2,2347,2397,50,1814,1965,151,432
Mihalıççık,"85,96","83,93","-2,03",6804,6809,5,3300,3350,50,2021,2230,-5791,1120
Mazgirt,"85,32","85,36","0,04",6355,6356,1,683,732,49,4554,4681,127,-3949
Nazımiye,"89,81","91,01","1,20",2669,2670,1,217,265,48,2038,2133,95,-1868
Halkapınar,"91,52","88,92","-2,60",3290,3295,5,2152,2199,47,646,700,54,1499
Hamamözü,"91,64","90,27","-1,37",2979,2690,-289,1743,1790,47,810,848,38,942
Çayırlı,"89,14","88,32","-0,82",6279,6282,3,3100,3147,47,2318,2356,38,791
Damal,"86,56","88,85","2,29",3840,3840,0,125,171,46,3065,3209,144,-3038
Pülümür,"89,40","90,02","0,62",3085,3086,1,270,314,44,2338,2434,96,-2120
Yenifakılı,"89,43","87,05","-2,38",4352,4354,2,2142,2186,44,1466,1531,65,655
Yayladere,"78,27","77,65","-0,62",1776,1776,0,375,419,44,896,940,44,-521
Sarıcakaya,"91,53","89,53","-2,00",3894,3895,1,2311,2354,43,988,1068,80,1286
Marmara,"87,48","85,40","-2,08",8777,8785,8,3264,3306,42,3980,4129,149,-823
Bayramören,"86,07","84,21","-1,86",2190,2191,1,1516,1558,42,245,261,16,1297
Havsa,"91,73","89,47","-2,26",15367,15370,3,4270,4311,41,8921,9296,375,-4985
Çaybaşı,"87,68","82,73","-4,95",9276,9288,12,6294,6335,41,1174,1211,37,5124
Alacakaya,"84,50","81,24","-3,26",4640,4642,2,2754,2795,41,921,874,-47,1921
Akçakent,"86,04","84,78","-1,26",3088,3089,1,2020,2060,40,486,516,30,1544
Çamaş,"87,26","83,89","-3,37",7088,7088,0,4287,4327,40,1502,1499,-3,2828
Ağın,"86,98","84,73","-2,25",2219,2220,1,1109,1148,39,668,697,29,451
Alpu,"89,04","85,90","-3,14",8363,8366,3,4531,4568,37,2307,2494,187,2074
Günyüzü,"90,13","87,67","-2,46",4446,4452,6,2750,2787,37,906,1047,141,1740
Enez,"89,97","88,07","-1,90",8992,8995,3,2026,2063,37,5641,5775,134,-3712
Hani,"68,13","62,43","-5,70",20133,20154,21,6400,6437,37,6284,5737,-547,700
Bozcaada,"88,29","85,25","-3,04",2691,2691,0,503,538,35,1750,1736,-14,-1198
Han,"87,75","85,79","-1,96",1837,1837,0,714,748,34,748,788,40,-40
Evren,"83,01","80,54","-2,47",2466,2467,1,1248,1282,34,631,666,35,616
Ahlat,"83,78","77,90","-5,88",26098,25932,-166,9300,9333,33,11435,10503,-932,-1170
Çandır,"81,58","80,02","-1,56",3458,3459,1,1828,1859,31,779,855,76,1004
Mucur,"90,19","86,13","-4,06",14144,14156,12,7495,7523,28,4205,4493,288,3030
İnhisar,"90,00","87,62","-2,38",1930,1930,0,975,1003,28,607,658,51,345
Dumlupınar,"84,36","81,47","-2,89",2429,2429,0,1315,1343,28,567,591,24,752
Karakoçan,"77,42","74,26","-3,16",21184,21204,20,7568,7596,28,7920,7775,-145,-179
Baykan,"79,35","74,69","-4,66",15126,15150,24,5488,5516,28,5830,5507,-323,9
Fatih,"87,29","84,85","-2,44",264732,264898,166,120051,120078,27,97879,102325,4446,17753
Yenişarbademli,"86,29","83,63","-2,66",1947,1949,2,860,885,25,681,709,28,176
Bala,"83,03","79,20","-3,83",17513,17521,8,8909,8933,24,4680,4725,45,4208
Kofçaz,"93,69","91,81","-1,88",1917,1918,1,687,710,23,987,1026,39,-316
Boztepe,"91,27","88,58","-2,69",4274,4274,0,1608,1630,22,2114,2121,7,-491
Adalar,"87,58","85,42","-2,16",13514,13516,2,2932,2952,20,8435,8480,45,-5528
Emirgazi,"84,82","80,03","-4,79",5659,5664,5,2952,2971,19,1477,1497,20,1474
Bozova,"77,02","73,47","-3,55",33079,33130,51,14106,14124,18,10432,9877,-555,4247
Seyitgazi,"93,44","91,42","-2,02",10739,10741,2,5088,5097,9,4231,4523,292,574
Pertek,"88,35","88,22","-0,13",8755,8759,4,1787,1796,9,5672,5873,201,-4077
Süloğlu,"90,95","87,11","-3,84",5030,5035,5,1800,1809,9,2398,2520,122,-711
Patnos,"68,77","59,39","-9,38",65482,65341,-141,10501,10510,9,31858,27585,-4273,-17075
Otlukbeli,"86,53","85,88","-0,65",1760,1764,4,1214,1220,6,255,266,11,954
Derecik,"79,34","74,34","-5,00",14882,14898,16,7517,7523,6,3431,3226,-205,4297
Araban,"84,03","81,25","-2,78",21986,22007,21,11803,11808,5,5694,5776,82,6032
Arguvan,"91,03","90,83","-0,20",5811,5813,2,1091,1093,2,4065,4162,97,-3069
Sivrihisar,"87,53","84,25","-3,28",16220,16227,7,7570,7570,0,5127,5633,506,1937
Dilovası,"88,91","83,79","-5,12",36043,36081,38,16775,16774,-1,13026,12976,-50,3798
Karaçoban,"70,61","63,39","-7,22",13556,13580,24,2345,2339,-6,6610,6080,-530,-3741
Çınar,"81,26","74,53","-6,73",43549,43590,41,11761,11754,-7,22268,20137,-2131,-8383
Hazro,"77,84","70,50","-7,34",10033,10048,15,1719,1704,-15,5569,5177,-392,-3473
Zeytinburnu,"88,44","85,43","-3,01",188988,189136,148,82436,82419,-17,74058,77366,3308,5053
Kovancılar,"80,94","77,59","-3,35",27145,27166,21,16838,16818,-20,3986,3920,-66,12898
Yalıhüyük,"86,41","82,84","-3,57",1508,1509,1,972,950,-22,223,261,38,689
Hamur,"71,43","63,00","-8,43",9344,9363,19,2484,2456,-28,3817,3331,-486,-875
Armutlu,"87,29","83,19","-4,10",8740,8746,6,4306,4276,-30,2741,2891,150,1385
Tuşba,"77,57","71,85","-5,72",97279,96215,-1064,27453,27407,-46,44187,40507,-3680,-13100
Sur,"80,98","74,66","-6,32",59860,59927,67,13660,13607,-53,32549,30127,-2422,-16520
Edirne,"89,87","86,98","-2,89",138831,138398,-433,36151,36075,-76,80605,83273,2668,-47198
Dicle,"75,44","66,41","-9,03",23603,23644,41,5481,5403,-78,10917,9747,-1170,-4344
İpekyolu,"82,92","77,48","-5,44",229342,229590,248,67493,67369,-124,113307,107413,-5894,-40044
Erciş,"73,96","65,25","-8,71",104103,104178,75,31401,31225,-176,41144,35518,-5626,-4293
Bağlar,"81,16","75,08","-6,08",254385,254658,273,45462,45240,-222,151933,142588,-9345,-97348
Kayapınar,"84,35","79,63","-4,72",273047,270888,-2159,53799,53518,-281,166969,158251,-8718,-104733
Ağrı,"77,01","70,33","-6,68",90894,90971,77,29568,29163,-405,36367,33626,-2741,-4463
Karaköprü,"87,87","83,79","-4,08",166341,165493,-848,85862,85231,-631,53319,51688,-1631,33543
Muş,"80,24","74,36","-5,88",120904,121004,100,47561,46903,-658,43246,40505,-2741,6398
Siverek,"76,77","70,03","-6,74",153380,152908,-472,57480,56739,-741,54734,48903,-5831,7836
Konak,"87,39","84,28","-3,11",266435,266599,164,64550,63747,-803,156440,159105,2665,-95358
Eyyübiye,"79,72","75,61","-4,11",203950,204216,266,122283,121274,-1009,34275,31598,-2677,89676
Esenyurt,"88,71","85,05","-3,66",643366,643878,512,250842,249409,-1433,286507,293289,6782,-43880
Haliliye,"84,53","80,17","-4,36",227406,227659,253,129297,127589,-1708,55343,52951,-2392,74638
Batman,"85,50","80,67","-4,83",306087,305363,-724,69773,68021,-1752,173444,179209,5765,-111188
